1,0,6,1,2.106996,0,0.74093

1,1,1,3,1.786072,0,0.5576113

1,2,5,2,2.053332,1,0.5774359

1,3,0,3,1.506521,0,0.4632689

1,4,0,3,4.706212,0,0.7463051

1,5,0,1,1.266747,0,0.7248116

1,6,0,2,2.746622,0,0.6459684

1,7,3,1,5.613165,0,0.5464081

1,8,0,2,2.000016,0,0.3863368

1,9,7,3,0.9600305,0,0.5523347

1,10,0,4,2.199886,0,0.5930272

1,11,0,4,1.919997,0,0.7401337

1,12,2,2,6.346464,0,0.6993178

1,13,4,4,3.480257,0,0.4959483

1,14,8,4,1.746541,0,0.7149016

1,15,0,1,1.333214,0,0.7166667

2,0,2,2,4.893244,0,0.7327304

2,1,4,4,2.333348,0,0.6422703

2,2,0,2,1.800026,0,0.5764976

2,3,5,2,4.719456,0,0.3967737

2,4,0,3,1.626291,0,0.7051015

2,5,0,3,1.453346,0,0.7295543

2,6,0,4,1.959447,0,0.682955

2,7,0,2,1.893753,0,0.7059413

2,8,3,1,4.733151,0,0.4868735

2,9,0,1,1.560242,0,0.7664866

2,10,7,3,1.346546,0,0.5548254

2,11,8,4,5.919291,0,0.7457884

2,12,1,3,1.933345,0,0.3891781

2,13,0,1,1.533516,0,0.7633414

2,14,6,1,2.706344,0,0.7679694

2,15,0,4,1.79989,0,0.7604663

3,0,2,2,4.839589,0,0.6820141

3,1,0,4,1.786491,0,0.4152462

3,2,0,3,1.320162,0,0.7636815

3,3,5,2,1.653632,0,0.4289805

3,4,6,1,3.266564,0,0.7709298

3,5,1,3,1.80005,0,0.5199068

3,6,0,3,1.626948,0,0.5667911

3,7,7,3,1.492878,0,0.5214233

3,8,3,1,5.493207,0,0.5718974

3,9,0,4,2.519592,0,0.4651314

3,10,0,1,4.719842,0,0.597717

3,11,0,2,3.093369,1,0.6539655

3,12,0,2,16.67892,0,0.4710717

3,13,0,1,1.372959,0,0.765761

3,14,4,4,3.066575,0,0.5975871

3,15,8,4,1.466689,0,0.6990088

4,0,6,1,1.253246,0,0.7660599

4,1,0,4,1.186669,0,0.5717104

4,2,0,4,2.186598,0,0.680277

4,3,3,1,1.746673,0,0.5980825

4,4,0,1,1.0135,0,0.7386464

4,5,1,3,1.679988,0,0.5574229

4,6,0,3,4.639858,0,0.3894415

4,7,4,4,2.959945,0,0.4337626

4,8,7,3,1.333341,0,0.3986781

4,9,0,2,2.146704,0,0.7180105

4,10,0,1,5.546186,0,0.6669521

4,11,5,2,1.320392,0,0.5688676

4,12,2,2,3.959996,0,0.6737125

4,13,0,3,1.266876,0,0.6978887

4,14,8,4,2.212759,0,0.4584228

4,15,0,2,4.253419,0,0.7276964

5,0,2,2,3.946522,0,0.7074331

5,1,0,3,0.9736993,0,0.7561575

5,2,1,3,1.879971,0,0.6144614

5,3,6,1,1.293305,0,0.7700517

5,4,5,2,2.06662,0,0.4508549

5,5,0,2,2.986452,0,0.4309361

5,6,0,3,1.573429,0,0.7632239

5,7,0,2,4.719879,0,0.5726961

5,8,8,4,1.573591,0,0.6417774

5,9,0,1,1.680522,0,0.7109153

5,10,7,3,1.333354,0,0.39642

5,11,0,1,4.68022,0,0.6430199

5,12,4,4,2.520311,0,0.5530556

5,13,0,4,6.466359,0,0.6256417

5,14,3,1,9.772954,0,0.6205987

5,15,0,4,1.426884,0,0.6161561

6,0,3,1,5.133212,0,0.6092658

6,1,5,2,4.853635,0,0.5845186

6,2,0,3,2.199872,0,0.6264255

6,3,8,4,1.773304,0,0.7395101

6,4,7,3,1.546545,0,0.4323

6,5,6,1,1.266469,0,0.7547995

6,6,0,2,4.9732,0,0.6902623

6,7,0,1,1.186398,0,0.6545874

6,8,0,4,2.999926,0,0.7714655

6,9,0,1,5.54674,0,0.7139071

6,10,0,2,4.293221,0,0.5831565

6,11,4,4,3.400005,0,0.6272205

6,12,0,4,2.386096,0,0.573863

6,13,2,2,2.853332,0,0.6015708

6,14,0,3,8.533108,0,0.7216472

6,15,1,3,1.919959,0,0.4040182

7,0,3,1,5.079892,0,0.5527928

7,1,0,4,5.119895,0,0.6174595

7,2,0,1,1.386626,0,0.7577384

7,3,0,4,5.226507,0,0.3865036

7,4,0,1,1.919563,0,0.7523811

7,5,0,3,1.37299,0,0.5611959

7,6,6,1,2.813173,0,0.7614496

7,7,0,3,1.359925,0,0.7264928

7,8,0,2,3.17326,1,0.69625

7,9,5,2,4.453156,0,0.5501311

7,10,1,3,2.706167,0,0.394158

7,11,4,4,2.533246,0,0.388967

7,12,8,4,4.239882,0,0.6849049

7,13,7,3,1.266596,0,0.4299512

7,14,0,2,5.213623,0,0.6512892

7,15,2,2,5.013208,0,0.7299393

8,0,0,3,1.426477,0,0.7635639

8,1,0,2,4.479942,0,0.7677947

8,2,5,2,4.440203,0,0.4794823

8,3,0,1,4.613244,0,0.7420859

8,4,4,4,2.307218,0,0.509156

8,5,0,4,1.999888,0,0.5890925

8,6,2,2,4.093188,0,0.6580175

8,7,1,3,2.106657,0,0.4182119

8,8,8,4,3.586994,0,0.6789222

8,9,0,4,1.786637,0,0.598254

8,10,0,3,1.253768,0,0.6470191

8,11,0,2,3.960028,0,0.6834234

8,12,6,1,1.413156,0,0.7544128

8,13,0,1,2.092988,0,0.7667894

8,14,7,3,1.386503,0,0.4121274

8,15,3,1,4.706499,0,0.5727669

9,0,3,1,4.239952,0,0.391772

9,1,6,1,3.199887,0,0.7691404

9,2,0,4,1.466589,0,0.761362

9,3,0,4,5.453646,0,0.6284225

9,4,0,3,2.666573,0,0.4090554

9,5,7,3,1.107015,0,0.4246011

9,6,0,2,2.613485,0,0.4193426

9,7,5,2,4.266594,0,0.6284096

9,8,8,4,1.760321,0,0.733694

9,9,2,2,4.706804,0,0.7272903

9,10,0,2,4.479653,0,0.4140158

9,11,0,1,2.760022,0,0.7623252

9,12,0,1,1.480232,0,0.5794347

9,13,4,4,1.466588,0,0.3862499

9,14,1,3,4.893085,0,0.5993227

9,15,0,3,1.51947,0,0.6352867

10,0,0,1,1.533539,0,0.7148514

10,1,3,1,4.639677,0,0.5822504

10,2,0,2,2.293179,0,0.4960929

10,3,0,3,1.253326,0,0.7407945

10,4,7,3,1.146629,0,0.4340487

10,5,6,1,1.652793,0,0.7708344

10,6,0,4,1.600209,0,0.5588625

10,7,0,3,1.706867,0,0.6135644

10,8,8,4,2.052893,0,0.7504964

10,9,0,4,2.960327,0,0.6159777

10,10,0,1,6.119851,0,0.724461

10,11,5,2,2.13324,0,0.4090322

10,12,0,2,5.920214,0,0.6062905

10,13,1,3,1.920449,0,0.4157483

10,14,2,2,3.693399,0,0.7542936

10,15,4,4,2.813716,0,0.3915328

11,0,0,4,3.773221,1,0.6121235

11,1,5,2,2.066638,0,0.5277362

11,2,3,1,1.53355,0,0.5722509

11,3,0,3,1.000104,0,0.7254707

11,4,0,2,3.093252,0,0.6907857

11,5,7,3,1.106301,0,0.4265403

11,6,6,1,1.293566,0,0.7714284

11,7,0,3,1.093393,0,0.7163266

11,8,0,1,1.599934,0,0.7611165

11,9,8,4,1.733398,0,0.7153379

11,10,2,2,4.86653,0,0.7224438

11,11,4,4,3.37274,0,0.6091066

11,12,0,4,1.199822,0,0.5574089

11,13,0,1,1.453347,0,0.6218652

11,14,1,3,2.066526,0,0.5553935

11,15,0,2,1.919838,0,0.6832404

12,0,0,2,4.559999,0,0.4497374

12,1,0,1,5.346454,0,0.743246

12,2,8,4,1.439969,0,0.7138336

12,3,0,2,1.85316,0,0.7374814

12,4,0,3,1.293649,0,0.581001

12,5,4,4,1.613485,0,0.4835511

12,6,6,1,1.120405,0,0.7711574

12,7,3,1,5.386529,0,0.6075069

12,8,0,1,1.173333,0,0.6098672

12,9,1,3,1.853554,0,0.5518121

12,10,5,2,1.760066,0,0.6165632

12,11,7,3,1.133376,0,0.5047397

12,12,0,4,3.760193,0,0.6550542

12,13,0,3,1.692998,0,0.5818434

12,14,2,2,3.319822,0,0.6262277

12,15,0,4,2.639557,1,0.7315978

13,0,4,4,4.239958,1,0.5353569

13,1,0,4,1.293299,0,0.4521094

13,2,1,3,4.079957,0,0.57376

13,3,5,2,1.519809,0,0.3995986

13,4,0,1,1.226725,0,0.6954568

13,5,6,1,1.292871,0,0.7721123

13,6,0,3,1.386752,0,0.6402208

13,7,0,1,2.412792,0,0.7612643

13,8,0,2,4.653272,0,0.6835837

13,9,8,4,2.373353,0,0.7295635

13,10,3,1,6.026514,0,0.5500972

13,11,0,4,3.520564,1,0.5102178

13,12,0,2,2.186686,0,0.6622317

13,13,7,3,1.093019,0,0.4179212

13,14,0,3,1.373147,0,0.7406244

13,15,2,2,3.640205,0,0.7100139

14,0,0,3,3.119812,0,0.7395219

14,1,2,2,3.493101,0,0.6921977

14,2,3,1,1.493587,0,0.6423965

14,3,0,2,5.213354,0,0.5794445

14,4,0,1,1.533423,0,0.4528896

14,5,0,1,1.399961,0,0.7195247

14,6,4,4,4.106878,1,0.6348848

14,7,0,4,2.386063,0,0.6709411

14,8,7,3,0.9334694,0,0.511085

14,9,5,2,1.840551,0,0.3984031

14,10,0,4,2.853717,0,0.6465452

14,11,0,2,4.93336,1,0.5760736

14,12,8,4,1.319823,0,0.6600311

14,13,6,1,1.23968,0,0.7551273

14,14,0,3,1.293017,0,0.7149939

14,15,1,3,1.960027,0,0.4616352

15,0,0,2,2.492942,1,0.531598

15,1,1,3,1.679684,0,0.5329092

15,2,0,3,4.413471,0,0.5565445

15,3,5,2,3.186588,1,0.5492594

15,4,8,4,3.692919,0,0.6524066

15,5,0,1,1.480687,0,0.5673429

15,6,0,2,2.053286,0,0.6001257

15,7,3,1,3.946565,0,0.3864181

15,8,4,4,2.346304,0,0.5741671

15,9,0,3,1.93336,0,0.6364062

15,10,0,4,1.946978,0,0.7680362

15,11,7,3,1.4799,0,0.5628019

15,12,0,4,2.252964,0,0.6087853

15,13,0,1,1.493329,0,0.7541955

15,14,2,2,2.146813,0,0.649813

15,15,6,1,3.573372,0,0.7356721

16,0,0,3,1.280093,0,0.733511

16,1,2,2,3.266658,0,0.7150444

16,2,0,4,2.066695,0,0.5647587

16,3,0,2,2.906436,0,0.4395358

16,4,8,4,3.933251,0,0.6094432

16,5,0,1,1.320513,0,0.6450729

16,6,5,2,5.27987,1,0.397683

16,7,6,1,1.560052,0,0.6697401

16,8,1,3,1.533345,0,0.5541173

16,9,0,2,3.213268,1,0.6576723

16,10,3,1,4.306755,0,0.4229288

16,11,7,3,1.119902,0,0.4070606

16,12,0,1,1.226757,0,0.7204297

16,13,0,3,3.000057,0,0.5938219

16,14,0,4,4.546381,1,0.4770333

16,15,4,4,2.706667,0,0.6403551

17,0,2,2,5.226728,2,0.6799737

17,1,0,3,2.20005,0,0.5694805

17,2,3,1,9.066422,0,0.4021176

17,3,0,1,1.346479,0,0.7315529

17,4,0,2,2.493757,0,0.3903561

17,5,4,4,2.000057,0,0.6578557

17,6,0,1,1.173191,0,0.5792468

17,7,0,4,2.653461,0,0.6319361

17,8,0,4,10.46648,5,0.6364841

17,9,0,2,4.266635,0,0.6684806

17,10,1,3,2.733094,0,0.5645497

17,11,7,3,1.586298,0,0.4024028

17,12,6,1,1.320018,0,0.7563691

17,13,5,2,3.507015,1,0.6217345

17,14,8,4,4.773505,1,0.6307526

17,15,0,3,1.746671,0,0.4820218

18,0,0,4,1.786531,0,0.4896645

18,1,7,3,1.613414,0,0.3862506

18,2,0,2,5.386361,1,0.6597314

18,3,5,2,1.63981,0,0.5910656

18,4,2,2,4.559887,1,0.6400699

18,5,4,4,4.719903,0,0.5990573

18,6,0,4,2.62681,0,0.572316

18,7,1,3,1.959509,0,0.4656556

18,8,0,3,3.373275,0,0.4736412

18,9,0,1,1.773268,0,0.7506629

18,10,3,1,1.372893,0,0.5666725

18,11,0,2,2.146136,0,0.6497539

18,12,0,3,8.133056,0,0.6029358

18,13,6,1,1.426299,0,0.7621827

18,14,0,1,2.55965,0,0.714219

18,15,8,4,4.69383,0,0.7090383

19,0,0,4,1.333331,0,0.5926806

19,1,7,3,0.9862631,0,0.3919581

19,2,0,3,1.519869,0,0.6191846

19,3,0,2,2.773457,0,0.6435973

19,4,0,4,3.31974,1,0.664015

19,5,3,1,1.186794,0,0.397791

19,6,0,1,1.666731,0,0.6899347

19,7,0,3,3.733411,0,0.6953598

19,8,4,4,2.586646,0,0.5952606

19,9,8,4,2.613669,0,0.621632

19,10,6,1,1.560603,0,0.75646

19,11,5,2,6.093116,2,0.38625

19,12,2,2,4.333229,0,0.7250886

19,13,0,2,4.453323,0,0.6179032

19,14,1,3,2.533314,0,0.5473509

19,15,0,1,1.199907,0,0.7335698

20,0,0,2,2.346668,0,0.6983409

20,1,5,2,2.440021,0,0.4364801

20,2,7,3,1.09316,0,0.5970133

20,3,0,3,7.919797,0,0.659961

20,4,0,3,4.639935,2,0.4822565

20,5,0,1,1.346884,0,0.5529575

20,6,1,3,2.173486,0,0.3874535

20,7,6,1,1.626845,0,0.7578583

20,8,4,4,3.86655,0,0.5592608

20,9,0,4,4.759931,0,0.7181159

20,10,8,4,1.866611,0,0.7293731

20,11,2,2,3.999869,0,0.6544048

20,12,0,1,2.346659,0,0.5936317

20,13,3,1,4.800061,0,0.6280333

20,14,0,2,2.973548,0,0.5041379

20,15,0,4,1.653282,0,0.6508208

21,0,0,3,16.03973,0,19.90995

21,1,0,4,3.906788,0,19.9662

21,2,2,2,7.97276,0,19.95597

21,3,4,4,4.586674,0,19.9662

21,4,0,4,5.319761,0,19.92366

21,5,0,1,9.666506,0,19.9088

21,6,3,1,9.612955,0,19.90995

21,7,1,3,5.559873,0,19.95597

21,8,0,2,10.07967,0,0.4472414

21,9,0,1,9.493076,0,19.90995

21,10,8,4,5.026248,0,19.9499

21,11,7,3,2.533328,0,19.9088

21,12,6,1,4.38619,0,19.92366

21,13,0,3,9.813514,0,0.7711655

21,14,0,2,4.45357,0,19.95597

21,15,5,2,8.999578,0,19.9499

22,0,0,3,4.052938,0,19.90995

22,1,0,4,4.520098,0,19.9662

22,2,2,2,4.173252,0,19.95597

22,3,4,4,5.519827,0,19.9662

22,4,0,4,4.759899,0,19.92366

22,5,0,1,3.626523,0,19.9088

22,6,3,1,3.24013,0,19.90995

22,7,1,3,4.866556,0,19.95597

22,8,0,2,3.399919,0,19.9662

22,9,0,1,5.346912,0,19.90995

22,10,8,4,2.080118,0,19.9499

22,11,7,3,2.62616,0,19.9088

22,12,6,1,4.29375,0,19.92366

22,13,0,3,4.480263,0,0.7520231

22,14,0,2,1.906693,0,19.95597

22,15,5,2,1.920111,0,19.9499

