1,0,0,6,2.466518,0,0.5790217

1,1,7,4,2.640177,0,0.5764906

1,2,0,2,3.853177,0,0.5923753

1,3,0,4,2.97367,0,0.6494157

1,4,4,4,3.346069,0,0.7167316

1,5,1,8,3.70685,0,0.6013509

1,6,3,1,1.933323,0,0.6635603

1,7,0,7,1.653064,0,0.7344206

1,8,6,7,2.666683,0,0.6965815

1,9,0,8,1.906617,0,0.6865554

1,10,0,4,1.653385,0,0.5848773

1,11,8,6,3.58654,0,0.6664473

1,12,0,5,1.266647,0,0.5478119

1,13,5,5,1.1867,0,0.6020213

1,14,2,2,4.079884,0,0.5507025

1,15,0,1,4.493287,0,0.6252754

2,0,4,4,1.493322,0,0.731788

2,1,7,4,2.666602,0,0.3878372

2,2,0,6,1.813354,0,0.559971

2,3,3,1,1.866685,0,0.7146633

2,4,6,7,5.333286,0,0.6718339

2,5,0,8,4.066617,0,0.7052668

2,6,0,5,1.453527,0,0.7603581

2,7,0,4,1.613665,0,0.5764452

2,8,0,4,3.066606,0,0.6785281

2,9,8,6,1.959485,0,0.5887704

2,10,0,2,3.0271,0,0.3872693

2,11,0,1,4.959891,0,0.3896646

2,12,1,8,5.239789,0,0.6446271

2,13,0,7,6.959724,0,0.5186595

2,14,2,2,2.826678,0,0.5164781

2,15,5,5,1.280171,0,0.6266198

3,0,2,2,4.386581,0,0.5763801

3,1,0,1,5.106926,0,0.6156164

3,2,5,5,1.053159,0,0.6725733

3,3,0,6,3.653367,0,0.4779274

3,4,1,8,4.373207,0,0.6435226

3,5,0,4,3.426091,0,0.4919831

3,6,4,4,3.200014,0,0.7370896

3,7,6,7,5.600005,0,0.7486016

3,8,8,6,1.5202,0,0.475861

3,9,7,4,2.359958,0,0.5514156

3,10,0,4,4.893572,0,0.6823689

3,11,0,2,4.080259,0,0.7288637

3,12,0,7,1.813317,0,0.6578104

3,13,3,1,2.43967,0,0.699253

3,14,0,8,4.039857,0,0.5951068

3,15,0,5,1.266975,0,0.751475

4,0,0,5,1.133557,0,0.7078795

4,1,6,7,1.293304,0,0.7091551

4,2,3,1,2.173519,0,0.6670551

4,3,7,4,2.440389,0,0.5893467

4,4,0,7,2.013479,0,0.7509829

4,5,0,4,3.746415,0,0.6118524

4,6,5,5,1.266757,0,0.6468228

4,7,2,2,4.37327,0,0.6130254

4,8,0,2,2.94683,0,0.7626541

4,9,0,4,7.533133,0,0.5925236

4,10,0,8,5.653739,0,0.612825

4,11,1,8,2.120461,0,0.6511701

4,12,4,4,2.146741,0,0.7571476

4,13,0,6,1.573343,0,0.7307795

4,14,0,1,2.506617,0,0.4037519

4,15,8,6,3.933229,0,0.5710019

5,0,8,6,4.933173,0,0.6443192

5,1,0,2,2.319916,0,0.7163898

5,2,2,2,6.57346,0,0.5662591

5,3,0,7,1.426635,0,0.7317256

5,4,0,4,5.239927,0,0.5831968

5,5,0,8,2.053192,0,0.7388904

5,6,6,7,1.533335,0,0.6902728

5,7,4,4,3.346448,0,0.7273965

5,8,5,5,1.253926,0,0.6201953

5,9,0,4,4.199898,0,0.7050087

5,10,1,8,1.373286,0,0.6327796

5,11,3,1,2.413469,0,0.6809769

5,12,7,4,2.693484,0,0.5725137

5,13,0,6,2.18671,0,0.5962196

5,14,0,5,1.160471,0,0.7456357

5,15,0,1,3.87995,0,0.4196197

6,0,0,5,1.240043,0,0.7121466

6,1,0,4,3.813895,0,0.7677817

6,2,2,2,3.546379,0,0.5582708

6,3,3,1,2.400042,0,0.6445085

6,4,0,2,5.760117,0,0.6859061

6,5,0,6,2.053377,0,0.6432875

6,6,0,4,2.840122,0,0.701747

6,7,0,1,2.066569,0,0.6510887

6,8,1,8,4.226402,0,0.6398346

6,9,0,8,3.666616,0,0.6469462

6,10,4,4,2.679604,0,0.738225

6,11,0,7,1.466685,0,0.6836497

6,12,7,4,2.400038,0,0.5727929

6,13,5,5,1.160022,0,0.5808341

6,14,8,6,3.146198,0,0.6157845

6,15,6,7,1.45331,0,0.6873296

7,0,1,8,1.839468,0,0.6671197

7,1,3,1,1.786658,0,0.6759007

7,2,6,7,1.82667,0,0.6832675

7,3,4,4,2.013056,0,0.7630112

7,4,2,2,2.812743,0,0.6227496

7,5,0,4,4.253152,0,0.7117472

7,6,0,6,3.68032,0,0.737352

7,7,0,8,3.906828,0,0.703961

7,8,0,2,3.959583,0,0.6609439

7,9,0,1,3.226629,0,0.5837198

7,10,0,4,3.186474,0,0.4094914

7,11,0,5,1.3065,0,0.3923785

7,12,0,7,1.520003,0,0.6969382

7,13,7,4,4.973228,0,0.635506

7,14,5,5,1.079686,0,0.5399168

7,15,8,6,2.813004,0,0.4972368

8,0,7,4,2.252986,0,0.563972

8,1,0,8,1.839826,0,0.7091803

8,2,5,5,1.453382,0,0.6526327

8,3,2,2,3.799972,0,0.5750496

8,4,6,7,1.799944,0,0.6859128

8,5,4,4,4.520039,0,0.7411095

8,6,8,6,4.893145,0,0.6178331

8,7,0,5,1.266737,0,0.6650152

8,8,0,7,1.38668,0,0.5642879

8,9,0,6,1.893324,0,0.7699098

8,10,0,4,3.279699,0,0.6950559

8,11,0,1,4.186711,0,0.617233

8,12,3,1,2.587122,0,0.6884254

8,13,1,8,1.6798,0,0.5760054

8,14,0,2,2.452989,0,0.7031304

8,15,0,4,2.373584,0,0.4531995

9,0,7,4,3.613651,0,0.5659223

9,1,6,7,2.013274,0,0.7009544

9,2,8,6,3.826497,0,0.61075

9,3,0,4,4.720208,0,0.7586505

9,4,1,8,1.507139,0,0.6399658

9,5,0,8,2.693348,0,0.4849647

9,6,4,4,3.159433,0,0.752417

9,7,3,1,3.293572,0,0.6335777

9,8,0,5,1.439684,0,0.7549218

9,9,2,2,6.026425,0,0.5586532

9,10,0,6,2.053413,0,0.6235711

9,11,0,1,5.079874,0,0.7709177

9,12,0,7,3.986491,0,0.7423895

9,13,5,5,1.133333,0,0.6305602

9,14,0,4,3.559721,0,0.7334201

9,15,0,2,2.173267,0,0.422227

10,0,0,4,4.573423,0,0.667554

10,1,0,7,3.85353,0,0.6220062

10,2,0,4,1.586656,0,0.5840027

10,3,4,4,2.44049,0,0.7276778

10,4,0,5,1.30679,0,0.6743109

10,5,1,8,1.93327,0,0.5832072

10,6,5,5,1.066695,0,0.6335474

10,7,6,7,1.5334,0,0.7011845

10,8,3,1,2.492854,0,0.6513998

10,9,0,8,2.493328,0,0.7619053

10,10,0,6,5.333222,0,0.6130375

10,11,8,6,3.426908,0,0.5796049

10,12,7,4,5.093279,0,0.5694478

10,13,0,1,2.040361,0,0.3912791

10,14,2,2,5.280159,0,0.6037799

10,15,0,2,2.146736,0,0.7503734

11,0,7,4,2.613142,0,0.5803509

11,1,2,2,2.293607,0,0.5763881

11,2,0,1,1.813331,0,0.5674949

11,3,0,4,3.493271,0,0.4798149

11,4,0,7,3.773272,0,0.6110556

11,5,0,2,5.506506,0,0.5828318

11,6,0,4,4.3464,0,0.735178

11,7,8,6,5.692825,0,0.6240983

11,8,1,8,3.147007,0,0.6166642

11,9,5,5,0.9867133,0,0.6843487

11,10,3,1,3.186381,0,0.6216058

11,11,0,6,4.706518,0,0.5346226

11,12,0,5,1.106482,0,0.6327451

11,13,6,7,2.306616,0,0.7136025

11,14,0,8,3.946635,0,0.6961901

11,15,4,4,3.307159,0,0.734797

12,0,0,4,4.599906,0,0.639289

12,1,5,5,1.039999,0,0.630419

12,2,0,8,2.733484,0,0.7584683

12,3,0,6,1.466598,0,0.7495694

12,4,7,4,2.012962,0,0.6054097

12,5,0,2,1.866771,0,0.6865187

12,6,1,8,4.813273,0,0.67731

12,7,0,5,1.079987,0,0.6669728

12,8,6,7,1.720525,0,0.6675093

12,9,2,2,2.893675,0,0.5864666

12,10,3,1,2.07996,0,0.6905686

12,11,0,4,2.506932,0,0.6157022

12,12,0,1,4.066524,0,0.4059329

12,13,8,6,3.106961,0,0.6430594

12,14,4,4,2.747025,0,0.7443777

12,15,0,7,3.133281,0,0.7065514

13,0,0,4,3.266563,0,0.6523049

13,1,8,6,4.799916,0,0.5651883

13,2,0,4,4.080264,0,0.386421

13,3,0,2,2.18688,0,0.38646

13,4,5,5,4.133057,0,0.5594858

13,5,1,8,3.866688,0,0.6323231

13,6,7,4,3.880343,0,0.4109777

13,7,0,6,2.333116,0,0.6281353

13,8,4,4,1.266533,0,0.7529143

13,9,2,2,1.893844,0,0.4269561

13,10,6,7,2.853529,0,0.6981756

13,11,0,5,1.093165,0,0.7320406

13,12,3,1,3.693606,0,0.6677145

13,13,0,7,4.386912,0,0.6741012

13,14,0,1,1.666572,0,0.7032325

13,15,0,8,4.253482,0,0.5940737

14,0,7,4,2.493735,0,0.5648353

14,1,5,5,0.9731743,0,0.5577362

14,2,0,4,1.813853,0,0.6237332

14,3,0,7,3.333249,0,0.7510387

14,4,0,8,3.946562,0,0.7148138

14,5,0,1,3.973668,0,0.6998149

14,6,0,5,1.160416,0,0.7237034

14,7,6,7,1.506623,0,0.715984

14,8,3,1,1.973331,0,0.663616

14,9,8,6,3.640121,0,0.6234162

14,10,0,6,1.53347,0,0.6154518

14,11,0,4,1.613195,0,0.5715724

14,12,2,2,4.079757,0,0.5989574

14,13,0,2,2.706485,0,0.7575908

14,14,1,8,1.720024,0,0.6722208

14,15,4,4,2.453346,0,0.7524191

15,0,0,7,1.293211,0,0.6840349

15,1,0,8,1.506769,0,0.6303704

15,2,3,1,1.959941,0,0.6875093

15,3,1,8,1.386869,0,0.6329991

15,4,6,7,3.679281,0,0.658304

15,5,0,2,3.346933,0,0.5982406

15,6,0,4,1.866592,0,0.7370375

15,7,8,6,2.706773,0,0.5470651

15,8,0,4,3.546611,0,0.5163887

15,9,0,5,1.306939,0,0.5529385

15,10,4,4,2.599981,0,0.7484633

15,11,0,6,2.57325,0,0.7217455

15,12,5,5,1.066805,0,0.6120179

15,13,7,4,2.506596,0,0.4314267

15,14,2,2,2.093284,0,0.6543825

15,15,0,1,1.919882,0,0.3934929

16,0,6,7,2.119545,0,0.7031551

16,1,4,4,2.706826,0,0.7290595

16,2,0,2,1.986691,0,0.6807429

16,3,0,6,3.373324,0,0.6078426

16,4,1,8,3.306401,0,0.6689762

16,5,3,1,3.986939,0,0.6628192

16,6,7,4,2.986549,0,0.6596085

16,7,0,4,3.839685,0,0.4389137

16,8,0,4,4.546881,0,0.7706996

16,9,0,1,2.493298,0,0.7186476

16,10,5,5,3.4269,0,0.5594835

16,11,2,2,1.879824,0,0.4616794

16,12,0,5,1.306751,0,0.6465636

16,13,0,8,1.199804,0,0.6937221

16,14,0,7,1.586711,0,0.6617821

16,15,8,6,4.799833,0,0.624087

17,0,0,4,2.679703,0,0.6837422

17,1,8,6,3.386534,0,0.5878037

17,2,0,4,3.333363,0,0.5864799

17,3,3,1,1.759691,0,0.6768956

17,4,0,7,1.120416,0,0.7308214

17,5,0,2,2.106805,0,0.5846077

17,6,6,7,1.280156,0,0.6771387

17,7,0,5,0.9604953,0,0.7518131

17,8,2,2,1.879962,0,0.3989606

17,9,0,1,3.786431,0,0.3901287

17,10,1,8,1.439515,0,0.5678142

17,11,5,5,1.026293,0,0.6518552

17,12,0,8,1.627223,0,0.6426846

17,13,7,4,2.640223,0,0.5701426

17,14,4,4,2.907188,0,0.7401533

17,15,0,6,3.679497,0,0.7571948

18,0,7,4,4.759455,0,0.6036021

18,1,0,5,1.1734,0,0.6580119

18,2,4,4,1.453343,0,0.7497349

18,3,0,8,2.746444,0,0.720804

18,4,8,6,3.200105,0,0.591233

18,5,2,2,1.90651,0,0.5545459

18,6,0,4,2.386664,0,0.4284753

18,7,0,4,2.119997,0,0.5060886

18,8,0,6,1.973547,0,0.740514

18,9,0,1,4.879694,0,0.5691147

18,10,0,7,1.453667,0,0.4072457

18,11,6,7,2.199974,0,0.7157142

18,12,1,8,1.306937,0,0.6168118

18,13,3,1,1.799988,0,0.6753446

18,14,5,5,1.213813,0,0.563781

18,15,0,2,2.813771,0,0.5665574

19,0,0,4,2.466381,0,0.4049167

19,1,8,6,3.879846,0,0.62679

19,2,4,4,2.159966,0,0.6986766

19,3,0,4,2.506976,0,0.5035771

19,4,5,5,1.306725,0,0.6211672

19,5,2,2,1.74639,0,0.3882192

19,6,0,5,1.080294,0,0.7438799

19,7,1,8,1.466357,0,0.6527418

19,8,6,7,1.506329,0,0.6728462

19,9,7,4,2.293386,0,0.5923302

19,10,0,8,1.426234,0,0.734172

19,11,0,2,4.533104,0,0.7453993

19,12,0,6,4.506367,0,0.7437935

19,13,0,7,1.25334,0,0.6857864

19,14,3,1,1.773551,0,0.6804339

19,15,0,1,4.493202,0,0.5820192

20,0,0,8,2.600045,0,0.5266647

20,1,0,1,2.119928,0,0.4264676

20,2,2,2,1.866642,0,0.557619

20,3,0,6,1.666657,0,0.7476427

20,4,8,6,3.639935,0,0.6139246

20,5,0,4,7.826279,0,0.560833

20,6,7,4,2.573587,0,0.5803459

20,7,3,1,1.733481,0,0.6359574

20,8,0,2,3.293366,0,0.630549

20,9,5,5,1.200017,0,0.5946109

20,10,6,7,1.786611,0,0.7157751

20,11,0,4,1.67991,0,0.7703695

20,12,0,7,1.919952,0,0.7413313

20,13,4,4,2.013034,0,0.7533594

20,14,1,8,1.627084,0,0.6536729

20,15,0,5,1.200035,0,0.7537056

21,0,2,2,1.733302,0,0.3956269

21,1,0,5,1.546739,0,0.6908937

21,2,0,4,1.653707,0,0.7662469

21,3,0,7,2.479966,0,0.6862542

21,4,6,7,1.173305,0,0.6964352

21,5,0,4,4.58657,0,0.6201685

21,6,7,4,4.839884,0,0.5492873

21,7,0,2,2.173321,0,0.6743026

21,8,4,4,1.600012,0,0.7318879

21,9,0,8,2.946976,0,0.7217201

21,10,3,1,2.18684,0,0.6722137

21,11,1,8,1.199813,0,0.6556764

21,12,5,5,0.9198861,0,0.6291079

21,13,0,6,3.253262,0,0.7334563

21,14,0,1,1.720201,0,0.7137756

21,15,8,6,3.092932,0,0.3949206

22,0,0,4,3.466816,0,0.5857725

22,1,0,7,2.84002,0,0.6925626

22,2,5,5,1.080636,0,0.6191425

22,3,0,6,2.639888,0,0.6893977

22,4,8,6,2.640351,0,0.5674084

22,5,4,4,1.466723,0,0.7603142

22,6,0,4,3.026534,0,0.7054605

22,7,0,2,1.693404,0,0.5961968

22,8,3,1,1.719806,0,0.7212792

22,9,6,7,3.853746,0,0.7108277

22,10,2,2,1.439808,0,0.5971687

22,11,0,8,1.333328,0,0.7051589

22,12,7,4,3.293277,0,0.4362546

22,13,0,1,1.573098,0,0.4456714

22,14,0,5,0.8799537,0,0.73175

22,15,1,8,1.279754,0,0.599051

23,0,1,8,6.959682,0,19.9499

23,1,6,7,7.30648,0,19.90995

23,2,0,2,6.466456,0,19.95597

23,3,3,1,9.253198,0,0.6407035

23,4,8,6,7.680025,0,0.5130304

23,5,4,4,9.346321,0,0.7522725

23,6,0,7,5.226869,0,19.90995

23,7,0,4,6.39984,0,19.9499

23,8,5,5,1.587127,0,0.634815

23,9,0,5,7.266492,0,19.9088

23,10,0,8,4.533201,0,19.9499

23,11,0,4,6.652576,0,19.94134

23,12,2,2,1.813294,0,0.5098228

23,13,0,6,4.347097,0,19.9499

23,14,0,1,5.559547,0,19.95597

23,15,7,4,10.19965,0,0.577734

24,0,1,8,4.492754,0,19.9499

24,1,6,7,2.039669,0,19.90995

24,2,0,2,3.85315,0,0.7029748

24,3,3,1,4.466583,0,19.95597

24,4,8,6,3.453234,0,19.9499

24,5,4,4,3.946332,0,0.7488603

24,6,0,7,3.773203,0,0.627912

24,7,0,4,5.746705,0,19.9499

24,8,5,5,1.799976,0,0.5934777

24,9,0,5,4.506922,0,19.9088

24,10,0,8,4.34643,0,19.9499

24,11,0,4,6.439958,0,19.94134

24,12,2,2,1.813321,0,0.4433089

24,13,0,6,3.800077,0,19.9499

24,14,0,1,2.679982,0,19.95597

24,15,7,4,3.666751,0,19.94134

