0,4,4,2,6.439802,1,0.7686288

0,6,2,5,5.159841,0,0.8086944

0,7,3,9,124.8483,35,0.6689784

0,8,4,11,16.22605,6,0.9884295

0,14,0,11,7.879726,2,0.8477964

0,11,0,11,9.359697,0,0.769632

0,1,1,5,3.213271,0,0.8247629

0,9,0,5,3.053283,0,0.8858258

0,2,2,8,5.479871,0,0.8427396

0,5,1,2,2.519946,0,0.5000509

0,3,3,11,7.186384,0,0.9777465

0,13,0,9,5.306453,0,0.8079453

0,15,0,5,2.999963,0,0.725991

0,16,0,2,2.733242,0,0.5163733

0,12,0,8,7.773099,0,0.5052379

0,10,0,2,4.99989,0,0.7985561

1,4,4,2,1.839972,0,0.8058103

1,15,0,11,4.199883,0,0.9037406

1,3,3,11,2.906611,0,0.978797

1,16,0,2,3.266584,0,0.9175234

1,2,2,8,1.919932,0,0.8525707

1,13,0,5,3.666537,0,0.8405821

1,14,0,9,4.186558,0,0.9860292

1,5,1,2,1.86663,0,0.5062571

1,12,0,5,2.133314,0,0.7932193

1,6,2,5,4.119841,0,0.6541886

1,10,0,11,2.613291,0,0.934375

1,9,0,8,6.693114,0,0.880132

1,11,0,2,1.786639,0,0.8482947

1,7,3,9,3.399929,0,0.501471

1,8,4,11,3.973213,0,0.9812222

1,1,1,5,3.666603,0,0.8330781

2,3,3,11,6.839758,0,0.9861435

2,10,0,5,5.986432,1,0.8609888

2,2,2,8,4.453197,0,0.8524772

2,11,0,12,8.359693,0,0.6769016

2,12,0,3,3.533221,0,0.5168509

2,1,1,5,5.38649,0,0.8336576

2,4,4,2,4.479848,0,0.836564

2,13,0,3,2.533259,0,0.9339643

2,7,3,9,5.679809,0,0.7076852

2,5,1,2,2.933258,0,0.532497

2,14,0,9,3.013267,0,0.7496592

2,9,0,9,3.719836,0,0.7212535

2,15,0,12,4.933163,0,0.5429358

2,6,2,5,5.079852,0,0.7833292

2,16,0,5,2.239931,0,0.9346491

2,8,4,11,2.893302,0,0.9943932

3,8,4,11,4.866549,0,0.9966339

3,2,2,8,4.599793,0,0.8124942

3,15,0,8,6.333178,0,0.9801335

3,11,0,5,4.74646,0,0.8984084

3,10,0,2,3.266575,0,0.7151574

3,12,0,11,6.186485,1,0.9824594

3,1,1,5,4.906522,0,0.794315

3,9,0,9,5.413152,0,0.7289803

3,3,3,11,4.693205,0,0.9709786

3,7,3,9,3.706552,0,0.5576252

3,5,1,2,1.959931,0,0.7422636

3,6,2,5,3.053231,0,0.8208022

3,4,4,2,6.653101,0,0.8010502

3,16,0,11,3.426582,0,0.8540928

3,14,0,2,3.119906,0,0.8010567

3,13,0,5,3.253261,0,0.8569925

4,9,0,2,4.293212,0,0.5004947

4,12,0,11,3.919898,0,0.9237716

4,3,3,11,3.919925,0,0.9847855

4,5,1,2,1.54666,0,0.6154908

4,15,0,2,2.493272,0,0.8109723

4,8,4,11,3.373246,0,0.9942951

4,16,0,11,4.306534,0,0.966381

4,6,2,5,4.173211,1,0.8635961

4,2,2,8,4.066513,0,0.8218066

4,14,0,5,3.90651,0,0.7770724

4,7,3,9,4.853137,0,0.5410813

4,11,0,9,2.373237,0,0.9199553

4,1,1,5,3.57329,0,0.8063036

4,13,0,8,7.719712,0,0.732335

4,4,4,2,2.333261,0,0.7684391

4,10,0,5,2.373324,0,0.5309455

5,15,0,5,5.986501,1,0.5571389

5,3,3,11,2.159947,0,0.980927

5,12,0,9,3.999862,0,0.7217344

5,5,1,2,1.746651,0,0.5846698

5,11,0,5,4.666499,0,0.8837498

5,16,0,2,2.333302,0,0.9920483

5,4,4,2,2.493287,0,0.7761149

5,2,2,8,4.119898,0,0.8432471

5,7,3,9,5.74653,0,0.5000972

5,14,0,8,3.079907,0,0.5710768

5,9,0,3,6.159783,0,0.936052

5,1,1,5,4.226546,0,0.8497308

5,8,4,11,2.133662,0,0.9882982

5,13,0,12,2.933288,0,0.5771672

5,6,2,5,3.053196,0,0.7722598

5,10,0,11,3.786563,0,0.5072986

6,7,3,9,6.573094,0,0.6561623

6,1,1,5,4.19989,0,0.8294855

6,13,0,11,4.613117,0,0.7895348

6,10,0,12,3.266547,0,0.7803411

6,11,0,3,1.946666,0,0.9727487

6,6,2,5,1.600045,0,0.7946466

6,4,4,2,1.626626,0,0.7966445

6,14,0,6,2.079943,0,0.823588

6,8,4,11,3.426562,0,0.9679408

6,9,0,8,1.893272,0,0.9192836

6,2,2,8,4.533205,0,0.8555405

6,3,3,11,3.866535,0,0.9862187

6,5,1,2,1.75997,0,0.6247806

6,16,0,2,4.106636,0,0.6745321

6,15,0,9,3.359993,0,0.7737507

6,12,0,6,2.43997,0,0.8885143

7,8,4,11,3.839892,0,0.989266

7,9,0,8,3.479927,0,0.5069516

7,11,0,5,1.613351,0,0.8095021

7,10,0,3,2.986544,0,0.8001636

7,13,0,12,8.986343,0,0.971357

7,2,2,8,4.626488,0,0.8700811

7,1,1,5,3.386598,0,0.8367884

7,6,2,5,4.146537,0,0.7768468

7,4,4,2,1.479998,0,0.8304377

7,5,1,2,2.746614,0,0.567644

7,12,0,11,5.42648,0,0.5005377

7,15,0,8,3.186612,0,0.8677111

7,16,0,2,2.226616,0,0.8441666

7,7,3,9,3.3732,0,0.5485398

7,14,0,6,3.35992,0,0.5457313

7,3,3,11,2.58656,0,0.9807379

8,15,0,9,3.373261,0,0.5390425

8,14,0,2,2.226616,0,0.8644383

8,2,2,8,4.746563,0,0.8662413

8,9,0,11,4.599849,0,0.9259939

8,5,1,2,1.493308,0,0.7434354

8,6,2,5,3.533212,0,0.8228846

8,4,4,2,2.933275,0,0.8138835

8,12,0,8,4.493201,0,0.7343565

8,13,0,11,3.29324,0,0.9075984

8,7,3,9,4.373226,0,0.7327623

8,16,0,5,3.893258,0,0.8698828

8,8,4,11,3.73322,0,0.9800671

8,11,0,5,2.373271,0,0.9929132

8,3,3,11,3.439873,0,0.9835729

8,10,0,2,1.893273,0,0.6583967

8,1,1,5,4.359855,0,0.807668

9,4,4,2,1.813341,0,0.7427672

9,11,0,2,2.066531,0,0.8805201

9,6,2,5,1.653301,0,0.8742372

9,3,3,11,4.5732,0,0.9874048

9,10,0,8,2.493306,0,0.5580696

9,5,1,2,2.159973,0,0.7349221

9,1,1,5,3.226592,0,0.7643782

9,14,0,2,5.533156,0,0.7735059

9,13,0,11,4.973186,0,0.8793254

9,15,0,5,6.839828,0,0.9746181

9,16,0,8,1.879981,0,0.9085634

9,2,2,8,4.893153,0,0.8448058

9,8,4,11,3.426548,0,0.9958706

9,7,3,9,3.706541,0,0.710241

9,12,0,5,3.093245,0,0.5348794

9,9,0,11,4.053195,0,0.956098

10,13,0,6,3.35991,0,0.8370457

10,7,3,9,5.959805,0,0.6776004

10,12,0,6,5.093193,0,0.7467072

10,8,4,11,4.053185,0,0.9905121

10,10,0,3,3.119948,0,0.6167667

10,1,1,5,3.37322,0,0.7944814

10,9,0,8,2.733309,0,0.5535236

10,16,0,3,3.839883,0,0.9084253

10,2,2,8,3.653218,0,0.7601529

10,4,4,2,5.106483,0,0.8117328

10,15,0,12,4.413233,0,0.83825

10,3,3,11,3.666611,0,0.9697383

10,5,1,2,1.626665,0,0.5085064

10,11,0,11,5.599836,0,0.8691323

10,14,0,8,5.653104,1,0.7244213

10,6,2,5,4.439907,0,0.9353021

11,13,0,8,2.879911,0,0.730819

11,16,0,11,4.559905,0,0.9957455

11,1,1,5,3.199898,0,0.7870579

11,15,0,5,4.146558,0,0.7378972

11,8,4,11,3.11995,0,0.987228

11,4,4,2,10.51962,1,0.8018389

11,6,2,5,3.599909,0,0.8117924

11,5,1,2,3.413198,0,0.6068029

11,11,0,9,6.119751,0,0.7732036

11,7,3,9,4.03982,0,0.5181171

11,10,0,3,4.253227,0,0.8596659

11,3,3,11,3.63992,0,0.9769838

11,9,0,5,1.799888,0,0.8104545

11,14,0,2,6.786468,0,0.9687137

11,12,0,11,6.439798,0,0.9593865

11,2,2,8,4.213199,0,0.8369154

12,16,0,12,5.159846,0,0.952517

12,12,0,12,4.026597,0,0.9907289

12,6,2,5,3.279914,0,0.8361709

12,1,1,5,3.239915,0,0.7975328

12,11,0,3,3.626554,0,0.7184206

12,4,4,2,4.186544,0,0.8405112

12,2,2,8,1.439981,0,0.7906899

12,7,3,9,4.919844,0,0.5571368

12,8,4,11,4.186548,0,0.9855653

12,5,1,2,2.146676,0,0.5332416

12,15,0,5,13.67949,1,0.9044846

12,13,0,8,4.706492,1,0.561074

12,10,0,8,1.986641,0,0.7573999

12,9,0,5,2.599914,0,0.9571372

12,14,0,2,6.093146,0,0.8220246

12,3,3,11,3.159877,0,0.9738426

13,12,0,11,3.399868,0,0.7919809

13,8,4,11,3.146584,0,0.9743176

13,10,0,9,6.359806,0,0.5000293

13,4,4,2,1.933324,0,0.8336219

13,13,0,2,2.226606,0,0.6193152

13,15,0,9,2.51996,0,0.7124892

13,5,1,2,1.253351,0,0.7153106

13,6,2,5,3.519862,0,0.8930223

13,1,1,5,2.679942,0,0.7450114

13,7,3,9,3.959877,0,0.7268238

13,14,0,6,4.453188,0,0.9168048

13,16,0,11,2.573249,0,0.8172672

13,9,0,2,7.13308,0,0.695007

13,2,2,8,1.63995,0,0.8370283

13,11,0,5,3.213271,0,0.9413027

13,3,3,11,4.239901,0,0.9808668

14,12,0,2,1.333211,0,0.9098271

14,6,2,5,2.839904,0,0.8067635

14,7,3,9,4.506538,0,0.6157779

14,15,0,9,6.813096,0,0.6953397

14,11,0,12,4.293196,0,0.9994243

14,13,0,2,1.399973,0,0.9321212

14,2,2,8,2.333302,0,0.8284762

14,8,4,11,3.453255,0,0.9572863

14,9,0,5,3.053263,0,0.8026211

14,3,3,11,3.253245,0,0.9864604

14,1,1,5,3.039916,0,0.7687001

14,10,0,9,5.666472,0,0.7910998

14,4,4,2,1.453344,0,0.8408816

14,14,0,11,3.573233,0,0.9258743

14,16,0,6,3.999845,0,0.7246728

14,5,1,2,1.413309,0,0.5006261

15,12,0,11,6.933107,0,0.5779135

15,13,0,8,1.959952,0,0.9683616

15,8,4,11,1.253343,0,0.993681

15,1,1,5,3.039918,0,0.7797437

15,6,2,5,3.786575,0,0.8217589

15,10,0,2,7.546387,0,0.8235569

15,7,3,9,3.959906,0,0.7753434

15,16,0,5,1.159969,0,0.9829479

15,5,1,2,1.439901,0,0.7861574

15,14,0,11,3.133292,0,0.9710572

15,2,2,8,2.053308,0,0.8738229

15,9,0,9,2.639929,0,0.5041671

15,11,0,5,4.973176,0,0.7490898

15,4,4,2,1.106671,0,0.7503597

15,3,3,11,2.946631,0,0.9617575

15,15,0,2,1.946625,0,0.7116183

16,9,0,2,4.253241,0,0.8071551

16,3,3,11,5.613157,0,0.9718451

16,7,3,9,8.106388,0,0.7184889

16,10,0,11,6.013212,0,0.9883229

16,16,0,11,4.079913,0,0.9326397

16,14,0,8,2.906625,0,0.9119874

16,11,0,8,3.666521,0,0.836804

16,1,1,5,3.186567,0,0.7784408

16,2,2,8,2.386588,0,0.8932906

16,12,0,5,3.86657,0,0.9153797

16,15,0,5,3.173281,0,0.7509977

16,4,4,2,2.99989,0,0.7911339

16,8,4,11,1.346636,0,0.975329

16,13,0,2,1.199982,0,0.9865854

16,6,2,5,3.239946,0,0.8900908

16,5,1,2,1.200018,0,0.5563033

17,4,4,2,11.57291,1,0.8063164

17,14,0,3,1.733347,0,0.5274531

17,3,3,11,1.959963,0,0.9721125

17,13,0,5,3.506592,0,0.846195

17,5,1,2,1.13332,0,0.723596

17,6,2,5,2.426645,0,0.8843094

17,1,1,5,3.479884,0,0.5582149

17,15,0,8,6.319788,0,0.8133546

17,2,2,8,1.893312,0,0.8704574

17,16,0,12,3.959848,0,0.9838545

17,9,0,3,1.653317,0,0.9438441

17,12,0,8,1.733309,0,0.7893332

17,7,3,9,6.253138,0,0.575377

17,11,0,12,4.919858,0,0.5105281

17,8,4,11,3.18659,0,0.9945298

17,10,0,5,2.879955,0,0.9045206

18,5,1,5,3.666565,0,0.7674859

18,23,0,3,1.359988,0,0.7414144

18,2,2,8,3.119942,0,0.7854652

18,21,0,5,2.906583,0,0.8001285

18,8,4,2,4.679898,0,0.8604158

18,14,2,5,12.99955,0,0.7440927

18,4,4,2,4.413172,0,0.8240525

18,20,0,9,2.679916,0,0.9647521

18,18,0,3,8.399702,0,0.7635442

18,11,3,9,2.466609,0,0.7281692

18,22,0,11,3.586531,0,0.9870422

18,6,2,8,5.546497,0,0.8458174

18,10,2,5,2.799926,0,0.8048491

18,24,0,9,2.266624,0,0.7693328

18,19,0,12,5.53316,0,0.7859952

18,13,1,2,1.63999,0,0.6659591

18,3,3,11,3.599866,0,0.987619

18,16,4,11,2.906621,0,0.960344

18,12,4,11,2.839953,0,0.9526442

18,7,3,11,2.999931,0,0.9559585

18,17,0,5,4.213167,1,0.7778077

18,1,1,5,3.146587,0,0.7193499

18,9,1,2,1.426658,0,0.5671963

18,15,3,9,3.159936,1,0.6640684

19,11,3,9,4.306541,0,0.6345121

19,18,0,9,4.479897,0,0.7649022

19,16,4,11,3.293319,0,0.986789

19,15,3,9,2.213247,0,0.7436631

19,22,0,5,0.9866652,0,0.7309466

19,12,4,11,3.799846,1,0.9569191

19,14,2,5,4.039896,0,0.7954271

19,3,3,11,2.799928,0,0.9744221

19,10,2,5,3.639897,0,0.9510992

19,9,1,2,1.253329,0,0.7402686

19,17,0,3,2.679921,0,0.8401806

19,7,3,11,2.506593,0,0.9622925

19,4,4,2,1.186656,0,0.7588515

19,1,1,5,3.026603,0,0.6490433

19,5,1,5,2.440011,0,0.5027882

19,13,1,2,1.120024,0,0.725116

19,21,0,2,1.266623,0,0.917581

19,8,4,2,1.066652,0,0.7858847

19,19,0,5,2.226672,0,0.9518082

19,20,0,11,2.919916,0,0.6749593

19,24,0,11,3.879914,0,0.693287

19,2,2,8,2.066605,0,0.8371

19,23,0,9,5.466518,0,0.7972729

19,6,2,8,1.573262,0,0.8446766

20,17,0,3,2.159962,0,0.8888645

20,22,0,5,9.90633,0,0.7423084

20,5,1,5,3.199944,0,0.6262098

20,24,0,11,3.386557,0,0.8756852

20,10,2,5,6.266441,0,0.8490921

20,2,2,8,1.679985,0,0.8244665

20,13,1,2,3.733277,0,0.5008423

20,3,3,11,4.413234,0,0.9695461

20,9,1,2,1.106641,0,0.895094

20,4,4,2,2.119982,0,0.7416995

20,16,4,11,2.093321,0,0.9686143

20,12,4,11,2.853305,0,0.9744216

20,21,0,2,1.320005,0,0.5997784

20,15,3,9,3.58653,0,0.5124045

20,11,3,9,3.999891,0,0.7786224

20,14,2,5,3.666599,0,0.8626735

20,19,0,9,5.933141,1,0.5259473

20,23,0,8,4.479894,0,0.6190673

20,20,0,5,4.519848,0,0.5680056

20,6,2,8,2.173299,0,0.8571901

20,8,4,2,2.413338,0,0.5698376

20,7,3,11,1.480026,0,0.9505144

20,18,0,11,5.839783,0,0.8674021

20,1,1,5,3.639889,1,0.7242507

21,6,2,8,1.519956,0,0.8734757

21,5,1,5,3.333257,0,0.6232808

21,2,2,8,1.480004,0,0.8005087

21,22,0,5,3.786573,0,0.9495897

21,15,3,9,2.723423,1,0.5000795

21,9,1,2,1.79995,0,0.5985943

21,10,2,5,2.09326,0,0.5891398

21,3,3,11,2.880035,0,0.9713513

21,19,0,12,4.253208,0,0.8465537

21,21,0,11,4.733186,0,0.9270902

21,18,0,2,1.253315,0,0.8223292

21,4,4,2,1.040004,0,0.7187973

21,13,1,2,1.546657,0,0.5007294

21,16,4,11,3.146591,0,0.9996522

21,24,0,8,1.826643,0,0.7746408

21,11,3,9,3.866529,0,0.8031723

21,12,4,11,2.266633,0,0.9907697

21,8,4,2,3.173293,0,0.5004879

21,23,0,2,2.026631,0,0.5887579

21,7,3,11,2.933263,0,0.9851949

21,14,2,5,2.506608,0,0.9081785

21,20,0,9,3.706528,1,0.828124

21,1,1,5,2.719953,1,0.8023447

21,17,0,5,4.25326,0,0.8590624

22,8,4,2,1.053305,0,0.77781

22,14,2,5,3.533191,0,0.8008388

22,6,2,8,2.026628,0,0.8713821

22,18,0,3,2.466608,0,0.8905574

22,15,3,9,2.346613,0,0.5628967

22,16,4,11,2.226619,0,0.9862677

22,11,3,9,6.746424,0,0.5011197

22,7,3,11,3.946539,0,0.9677614

22,22,0,12,3.413223,0,0.9658487

22,23,0,5,3.279903,0,0.5736346

22,20,0,6,3.639937,0,0.8303947

22,24,0,9,2.506616,0,0.656074

22,10,2,5,5.359928,0,0.6467624

22,1,1,5,2.599976,1,0.740741

22,13,1,2,1.040007,0,0.7273827

22,19,0,11,3.266618,0,0.7415918

22,5,1,5,3.493259,0,0.5065624

22,3,3,11,5.026539,0,0.961059

22,9,1,2,0.786725,0,0.7365296

22,2,2,8,3.586618,0,0.8978383

22,12,4,11,2.333272,0,0.9811934

22,21,0,2,1.226667,0,0.5638613

22,17,0,8,5.693155,1,0.7822632

22,4,4,2,1.173362,0,0.7816161

23,14,2,5,6.133119,3,0.7847348

23,3,3,11,1.839912,0,0.9613149

23,7,3,11,2.479941,0,0.9866736

23,9,1,2,0.8133373,0,0.7562529

23,15,3,9,5.373126,0,0.6128087

23,24,0,11,2.879958,0,0.9502842

23,8,4,2,0.9866722,0,0.7571033

23,18,0,12,4.013221,0,0.7523217

23,22,0,2,0.8533521,0,0.7476622

23,1,1,5,3.453212,0,0.5156291

23,20,0,5,2.959893,0,0.9906575

23,12,4,11,2.693276,1,0.9053742

23,13,1,2,1.159918,0,0.8195239

23,11,3,9,4.066583,0,0.7396197

23,4,4,2,1.493285,0,0.710023

23,10,2,5,2.093355,1,0.9737962

23,19,0,3,2.133246,0,0.8392274

23,2,2,8,1.63998,0,0.8538218

23,21,0,5,0.9733668,0,0.5594707

23,23,0,8,4.14653,0,0.753269

23,6,2,8,1.80002,0,0.9061223

23,16,4,11,2.146591,0,0.9692696

23,17,0,8,1.719969,0,0.9156467

23,5,1,5,1.373392,0,0.7677964

