0,7,3,11,2.813213,0,0.8788971

0,16,0,3,10.09295,5,0.5117478

0,13,0,9,8.359661,6,0.5077252

0,10,0,2,2.786593,0,0.7844179

0,6,2,8,10.79957,4,0.7588385

0,9,0,12,3.02658,0,0.7562231

0,1,1,2,2.986595,0,0.7763341

0,14,0,5,4.333164,1,0.7224135

0,4,4,6,2.03994,0,0.7683098

0,15,0,11,3.893157,2,0.9749388

0,3,3,9,2.933259,0,0.9651559

0,5,1,3,12.95947,11,0.7552537

0,2,2,11,3.706481,0,0.874236

0,11,0,8,2.919864,0,0.8502923

0,8,4,6,5.786469,2,0.7171664

0,12,0,5,3.399914,0,0.9244837

1,10,0,2,2.053284,0,0.9031886

1,1,1,2,1.573285,0,0.810902

1,16,0,8,8.426377,2,0.5034092

1,3,3,9,2.173276,0,0.9604935

1,9,0,8,1.186668,0,0.7144463

1,11,0,11,3.666531,0,0.6080365

1,2,2,11,4.839774,0,0.8258145

1,6,2,8,8.02636,1,0.8380358

1,4,4,6,1.573262,0,0.728473

1,15,0,2,14.49269,10,0.5026336

1,8,4,6,8.212991,4,0.8358729

1,13,0,11,6.466452,3,0.8594656

1,12,0,5,4.746491,0,0.7295119

1,14,0,6,5.786441,5,0.8983666

1,5,1,3,4.479859,1,0.8503085

1,7,3,11,4.133173,0,0.814087

2,13,0,5,11.59947,7,0.7504905

2,10,0,5,4.746502,0,0.8724149

2,5,1,3,7.439734,8,0.8141305

2,9,0,3,1.733305,0,0.5264838

2,12,0,9,1.866678,0,0.990633

2,4,4,6,3.893216,0,0.7771804

2,11,0,12,4.839849,0,0.8531305

2,6,2,8,9.0796,5,0.8981419

2,14,0,11,35.35849,16,0.8599601

2,16,0,2,4.346514,1,0.8206857

2,1,1,2,2.039922,0,0.7097856

2,2,2,11,3.839929,0,0.7096858

2,15,0,9,5.999701,2,0.6984111

2,8,4,6,11.49285,6,0.7656342

2,7,3,11,73.31686,39,0.7584881

2,3,3,9,2.493295,0,0.9915428

3,2,2,11,2.853243,0,0.7835728

3,13,0,9,10.98618,9,0.8687024

3,7,3,11,23.87896,15,0.7031566

3,11,0,8,2.186654,0,0.9925379

3,10,0,6,2.280038,0,0.8497819

3,5,1,3,7.652988,2,0.5216059

3,9,0,11,16.34593,0,0.6981083

3,4,4,6,3.746536,0,0.7430803

3,15,0,6,11.8262,9,0.9674283

3,14,0,11,20.49244,14,0.7246608

3,8,4,6,19.05249,13,0.727784

3,6,2,8,2.173249,0,0.9123381

3,3,3,9,3.226564,1,0.9920461

3,16,0,2,8.253034,3,0.9491124

3,1,1,2,3.999903,0,0.8918998

3,12,0,2,3.346597,0,0.998665

4,6,2,8,9.106289,5,0.966091

4,16,0,3,12.23952,12,0.7754052

4,2,2,11,3.666523,0,0.8017896

4,10,0,5,4.306512,1,0.9698088

4,13,0,5,1.693291,1,0.9276519

4,1,1,2,1.946632,0,0.5901761

4,5,1,3,2.653207,2,0.8712843

4,3,3,9,2.439878,0,0.7865113

4,4,4,6,4.079888,0,0.7121464

4,9,0,12,2.706588,0,0.5623116

4,14,0,11,6.933145,0,0.8145769

4,15,0,9,9.946241,4,0.9976619

4,11,0,8,2.79991,0,0.9068081

4,7,3,11,3.119935,0,0.7503961

4,8,4,6,3.639874,0,0.7203088

4,12,0,3,4.573169,0,0.8624932

5,13,0,2,2.146645,0,0.9986437

5,7,3,11,4.759864,0,0.7420971

5,1,1,2,5.226457,0,0.7633667

5,9,0,5,3.333271,0,0.7432098

5,5,1,3,2.253231,0,0.792209

5,3,3,9,1.653317,0,0.8425355

5,11,0,11,4.83977,0,0.8326093

5,8,4,6,6.746384,0,0.9230406

5,15,0,8,3.759875,0,0.8785012

5,10,0,9,1.426652,0,0.7591999

5,2,2,11,3.959918,0,0.9586417

5,6,2,8,2.839916,0,0.8181887

5,16,0,5,3.706562,1,0.731881

5,14,0,12,7.533055,0,0.7246475

5,12,0,3,3.39989,0,0.7317898

5,4,4,6,3.453274,0,0.9357526

6,10,0,8,3.893232,0,0.775209

6,7,3,11,4.026559,0,0.7018145

6,8,4,6,1.746706,0,0.8468801

6,4,4,6,1.693329,0,0.9024993

6,14,0,2,3.6532,0,0.9697407

6,5,1,3,2.159927,1,0.873032

6,9,0,5,3.759899,0,0.8048174

6,12,0,2,2.053327,0,0.7779381

6,16,0,11,3.093181,0,0.9728115

6,2,2,11,3.319882,0,0.9782214

6,15,0,9,2.226606,0,0.7936767

6,1,1,2,1.986694,0,0.7580685

6,3,3,9,1.75991,0,0.8633393

6,11,0,12,3.919833,0,0.7946221

6,6,2,8,3.4132,1,0.9327501

6,13,0,6,3.426524,0,0.7661209

7,9,0,5,1.253242,0,0.7384998

7,3,3,9,2.333298,0,0.9484298

7,2,2,11,2.759923,0,0.9797993

7,1,1,2,3.266535,0,0.5820083

7,13,0,3,3.199913,0,0.8247586

7,4,4,6,3.506545,0,0.8639898

7,10,0,2,1.866619,0,0.7792432

7,11,0,8,1.173331,0,0.96518

7,6,2,8,2.199851,1,0.7227432

7,7,3,11,2.453252,0,0.6450322

7,5,1,3,2.973265,3,0.9828634

7,15,0,12,3.359868,0,0.8895522

7,16,0,6,1.826645,0,0.5608851

7,14,0,8,2.279972,0,0.9583539

7,12,0,11,7.346347,1,0.7719829

7,8,4,6,2.279881,0,0.7515337

8,15,0,6,1.18668,0,0.98423

8,7,3,11,1.759927,0,0.7094857

8,6,2,8,2.573223,0,0.7961584

8,2,2,11,3.386587,0,0.940707

8,1,1,2,2.266669,0,0.8363381

8,9,0,2,1.453298,0,0.7573201

8,12,0,5,4.239923,0,0.8979157

8,10,0,9,4.959862,0,0.6242599

8,14,0,11,4.06657,1,0.8673053

8,3,3,9,1.879939,0,0.930223

8,5,1,3,1.840039,0,0.9229217

8,11,0,11,3.613223,0,0.7823404

8,8,4,6,6.786368,1,0.528743

8,4,4,6,4.65316,0,0.816699

8,16,0,9,2.47996,0,0.8004474

8,13,0,2,1.533345,0,0.9975084

9,5,1,3,1.386705,0,0.8236436

9,3,3,9,2.199928,0,0.9234039

9,9,0,12,3.173258,0,0.7954337

9,11,0,8,2.679914,0,0.5023058

9,7,3,11,2.986576,0,0.8159934

9,2,2,11,4.279834,0,0.9415376

9,15,0,12,2.133291,0,0.7322525

9,16,0,2,2.586644,0,0.8709728

9,10,0,5,3.386556,0,0.6642377

9,6,2,8,1.66664,0,0.8430545

9,4,4,6,3.586509,0,0.9113308

9,13,0,8,1.533356,0,0.8624122

9,12,0,2,1.626691,0,0.7638826

9,1,1,2,1.706638,0,0.7782388

9,8,4,6,5.146519,0,0.7769692

9,14,0,5,2.786586,0,0.7600812

10,3,3,9,2.493245,0,0.898104

10,13,0,12,4.773215,0,0.7130358

10,8,4,6,2.933256,0,0.7459735

10,12,0,8,1.906575,0,0.827747

10,7,3,11,5.079814,0,0.735388

10,11,0,12,3.773242,0,0.5111753

10,14,0,8,1.586649,0,0.6256937

10,4,4,6,3.346555,0,0.9172559

10,15,0,2,7.866382,0,0.9608269

10,6,2,8,1.573317,0,0.7728544

10,9,0,5,3.293215,0,0.9197269

10,1,1,2,3.173242,0,0.7683854

10,2,2,11,2.613285,0,0.9466838

10,16,0,5,1.693319,0,0.6697243

10,5,1,3,1.439974,0,0.7766708

10,10,0,3,2.186568,0,0.9947749

11,14,0,3,1.239984,0,0.9404121

11,6,2,8,2.759956,0,0.7298688

11,9,0,11,2.546603,0,0.9140241

11,15,0,6,2.359957,0,0.5252389

11,4,4,6,3.746569,0,0.889345

11,2,2,11,1.999906,0,0.9492715

11,12,0,6,2.999949,0,0.7516451

11,1,1,2,1.93332,0,0.7191473

11,7,3,11,2.773271,0,0.9007757

11,11,0,8,2.039947,0,0.9879839

11,10,0,2,1.679983,0,0.9934177

11,13,0,8,2.479939,0,0.7630196

11,16,0,11,4.533132,1,0.8937577

11,3,3,9,2.119956,0,0.903414

11,8,4,6,2.813277,0,0.832797

11,5,1,3,1.759989,0,0.8726878

12,6,2,8,2.186596,0,0.5100972

12,14,0,11,4.666541,0,0.8929787

12,9,0,6,2.74661,0,0.5134856

12,12,0,8,3.839807,0,0.8867423

12,2,2,11,3.373237,0,0.9598368

12,4,4,6,2.026582,0,0.8691153

12,16,0,2,3.03988,0,0.9353737

12,7,3,11,2.919912,0,0.7193326

12,8,4,6,3.653171,0,0.8914684

12,13,0,8,3.999828,0,0.974636

12,11,0,11,3.759865,0,0.7933

12,1,1,2,1.946644,0,0.7634239

12,5,1,3,1.973273,1,0.8404889

12,10,0,3,3.439921,0,0.9797394

12,3,3,9,3.119895,0,0.9797695

12,15,0,5,2.999898,0,0.9892118

13,15,0,2,4.213145,2,0.9892749

13,11,0,8,2.079958,0,0.9530416

13,6,2,8,1.613257,0,0.9299609

13,12,0,5,3.493245,1,0.6128714

13,16,0,5,4.866494,0,0.6349678

13,9,0,2,1.546659,0,0.9451749

13,13,0,9,6.506417,5,0.940564

13,3,3,9,1.613261,1,0.9697577

13,8,4,6,2.773221,0,0.7141404

13,10,0,11,3.413187,1,0.9499755

13,7,3,11,3.61321,0,0.8108207

13,5,1,3,1.86666,0,0.8836002

13,1,1,2,3.053231,0,0.7821726

13,2,2,11,2.893251,0,0.9628623

13,4,4,6,2.266591,0,0.9041391

13,14,0,11,3.799834,1,0.5129645

14,3,3,9,2.146645,1,0.9527358

14,6,2,8,2.61334,1,0.638555

14,5,1,3,2.133335,1,0.8776805

14,16,0,5,3.719794,0,0.5000639

14,4,4,6,3.879851,0,0.9278124

14,10,0,11,4.373246,1,0.7534083

14,7,3,11,1.479982,0,0.7361284

14,13,0,12,3.306503,1,0.9320703

14,8,4,6,2.306612,0,0.5689639

14,2,2,11,2.599902,1,0.9349498

14,11,0,5,1.59996,1,0.9907711

14,12,0,8,1.480014,0,0.9552457

14,1,1,2,3.933225,0,0.8254814

14,15,0,3,1.54664,0,0.9656555

14,9,0,2,1.279992,0,0.5309651

14,14,0,9,4.986486,2,0.9813352

15,4,4,6,4.466486,0,0.9025702

15,16,0,9,2.546609,0,0.9483024

15,6,2,8,1.346673,0,0.9625012

15,2,2,11,2.519936,0,0.9506071

15,12,0,3,3.466559,0,0.9894303

15,8,4,6,11.49289,0,0.7558776

15,7,3,11,2.986559,0,0.5210716

15,5,1,3,2.319958,0,0.8360015

15,9,0,12,2.39995,0,0.7396861

15,1,1,2,1.880005,0,0.817448

15,15,0,2,2.159982,0,0.8619348

15,3,3,9,1.399982,0,0.9654299

15,11,0,8,1.226636,0,0.8603301

15,13,0,5,2.386596,0,0.7606735

15,14,0,11,2.239958,0,0.8567789

15,10,0,5,3.386527,0,0.8502648

16,8,4,6,6.373103,0,0.5274497

16,11,0,5,2.906522,0,0.8828114

16,15,0,3,2.360009,0,0.5765925

16,13,0,11,3.026587,0,0.8622724

16,14,0,5,2.799989,0,0.774976

16,5,1,3,2.106521,1,0.9377857

16,6,2,8,1.333326,0,0.9741517

16,7,3,11,2.973251,0,0.7495392

16,1,1,2,1.7333,0,0.6221483

16,4,4,6,3.626541,0,0.938157

16,3,3,9,1.82668,0,0.9823797

16,9,0,2,1.533336,0,0.7451233

16,2,2,11,3.173235,0,0.9875877

16,16,0,9,2.266618,0,0.9708375

16,10,0,11,3.8532,0,0.7885026

16,12,0,9,1.906644,0,0.7958004

17,14,0,5,2.733265,0,0.5012491

17,5,1,3,1.493319,0,0.9170279

17,7,3,11,2.519938,0,0.8938333

17,11,0,8,2.066607,0,0.8439379

17,4,4,6,2.893216,0,0.8952486

17,10,0,12,2.35998,0,0.9059064

17,6,2,8,1.293297,0,0.9428062

17,9,0,3,2.573236,0,0.9446348

17,15,0,9,1.786632,0,0.8584602

17,16,0,12,3.333222,0,0.8642579

17,8,4,6,3.21324,0,0.5842651

17,12,0,5,5.213147,0,0.8989241

17,2,2,11,2.386587,0,0.9705052

17,3,3,9,3.146601,0,0.8261487

17,1,1,2,1.399943,0,0.7728494

17,13,0,3,1.746633,0,0.8068294

18,20,0,3,1.599988,0,0.7496616

18,3,3,9,1.479962,0,0.9353896

18,10,2,8,2.959915,3,0.8988894

18,24,0,8,3.546581,0,0.8984613

18,11,3,11,2.839926,0,0.7691028

18,12,4,6,1.613259,0,0.7566404

18,18,0,5,4.413175,0,0.7882001

18,17,0,11,3.799879,0,0.6367569

18,1,1,2,2.25327,0,0.7761527

18,15,3,11,2.479953,0,0.8636279

18,16,4,6,1.226687,0,0.8629389

18,4,4,6,4.546566,0,0.9170702

18,5,1,2,3.813227,0,0.7654971

18,9,1,3,1.466632,0,0.8916512

18,13,1,3,1.013343,0,0.8838267

18,8,4,6,3.239906,0,0.9094651

18,7,3,9,1.546695,0,0.9522318

18,22,0,5,4.039842,0,0.8506432

18,14,2,8,4.293087,2,0.9915396

18,6,2,11,2.426637,0,0.9405187

18,2,2,11,2.279821,0,0.9776509

18,23,0,2,3.70653,1,0.7579461

18,19,0,8,1.333353,0,0.7724667

18,21,0,11,3.546575,0,0.975435

19,13,1,3,1.15999,0,0.6598611

19,21,0,9,2.613281,1,0.8119255

19,6,2,11,2.733281,0,0.9798514

19,11,3,11,2.426638,0,0.9586612

19,7,3,9,1.426622,0,0.9189764

19,3,3,9,1.20001,0,0.9304031

19,23,0,12,2.613158,0,0.826952

19,16,4,6,2.70662,0,0.8150709

19,9,1,3,1.573309,0,0.8214532

19,22,0,5,2.626588,1,0.7454392

19,19,0,5,2.733316,0,0.7721642

19,18,0,8,3.733258,0,0.9036505

19,5,1,2,1.759998,0,0.7089874

19,24,0,2,1.733289,0,0.6426792

19,20,0,2,1.226651,0,0.9349675

19,14,2,8,1.999954,1,0.6486159

19,1,1,2,1.640019,0,0.8210444

19,8,4,6,2.146612,0,0.9022771

19,15,3,11,2.826662,0,0.9073074

19,10,2,8,2.919911,0,0.9119793

19,12,4,6,2.079892,0,0.886708

19,4,4,6,3.439912,0,0.8908953

19,2,2,11,2.853194,0,0.9799265

19,17,0,11,4.266571,0,0.7371971

20,6,2,11,3.773253,0,0.9380522

20,13,1,3,3.213241,0,0.881889

20,21,0,9,1.599962,0,0.6026441

20,22,0,12,4.599849,0,0.8944275

20,9,1,3,2.626601,0,0.9196842

20,14,2,8,1.773261,0,0.9657723

20,12,4,6,2.719934,0,0.5006241

20,5,1,2,1.506701,0,0.8715436

20,20,0,2,1.919916,0,0.8207565

20,17,0,5,3.493194,0,0.7512209

20,7,3,9,1.34662,0,0.9906338

20,1,1,2,1.546656,0,0.8030093

20,2,2,11,3.359826,0,0.9807472

20,24,0,5,3.613182,0,0.8087465

20,11,3,11,3.386561,0,0.7948734

20,15,3,11,3.013288,0,0.8787946

20,3,3,9,1.266688,0,0.9298087

20,10,2,8,1.360034,0,0.9124705

20,19,0,11,2.679909,0,0.7641518

20,4,4,6,3.533199,0,0.9178757

20,23,0,3,1.999938,0,0.8443481

20,16,4,6,2.039887,0,0.8550134

20,18,0,9,2.039966,0,0.8506835

20,8,4,6,2.586566,0,0.8797284

21,11,3,11,3.82651,0,0.5478771

21,14,2,8,1.626654,0,0.8557981

21,21,0,11,3.959819,0,0.572378

21,7,3,9,1.333315,0,0.9124253

21,19,0,9,1.226722,0,0.6049071

21,1,1,2,1.346667,0,0.7443573

21,12,4,6,1.866656,0,0.9200132

21,9,1,3,1.959967,0,0.9209247

21,8,4,6,2.919964,0,0.9447355

21,17,0,2,0.973324,0,0.7651168

21,10,2,8,4.333166,0,0.9668589

21,16,4,6,2.106658,0,0.7564887

21,4,4,6,3.893199,0,0.9395994

21,24,0,9,1.599967,0,0.8976869

21,5,1,2,1.666601,0,0.8620725

21,13,1,3,1.599972,0,0.9472296

21,2,2,11,4.453142,0,0.9557628

21,22,0,6,3.133256,0,0.5050772

21,15,3,11,1.706624,0,0.8471636

21,23,0,3,2.106536,0,0.9637517

21,6,2,11,3.613264,0,0.8985656

21,18,0,6,3.466606,0,0.5007341

21,20,0,11,3.466545,0,0.7449119

21,3,3,9,1.373318,0,0.9090868

22,4,4,6,3.613246,0,0.9113377

22,15,3,11,4.666443,0,0.7446837

22,6,2,11,3.053246,0,0.9297099

22,11,3,11,2.586571,0,0.6060755

22,23,0,5,2.826602,0,0.786231

22,22,0,2,3.453194,0,0.8175492

22,8,4,6,4.039856,0,0.9260991

22,7,3,9,1.479956,0,0.9286113

22,10,2,8,1.333308,0,0.9677939

22,13,1,3,2.933216,0,0.895923

22,9,1,3,1.746654,0,0.9255336

22,5,1,2,3.159926,0,0.7410498

22,21,0,12,4.399796,0,0.8123077

22,20,0,8,1.879909,0,0.6192337

22,14,2,8,1.853308,0,0.8902128

22,12,4,6,4.853204,0,0.7905378

22,17,0,2,1.573357,0,0.8780419

22,2,2,11,4.013234,0,0.9352314

22,18,0,6,3.826579,0,0.8171628

22,1,1,2,1.87995,0,0.8169276

22,3,3,9,1.226628,0,0.784034

22,16,4,6,2.786565,0,0.6842777

22,19,0,12,3.17319,0,0.7353662

22,24,0,8,1.679993,0,0.8760284

23,8,4,6,2.333255,0,0.8810676

23,3,3,9,1.786636,0,0.8703189

23,10,2,8,5.973104,0,0.9695871

23,23,0,2,2.253263,0,0.5114083

23,7,3,9,1.853339,0,0.9631798

23,18,0,3,3.186609,0,0.7252862

23,14,2,8,5.479807,0,0.9179436

23,15,3,11,4.426506,0,0.9042472

23,17,0,8,2.73321,0,0.879777

23,4,4,6,3.773231,0,0.9173352

23,12,4,6,3.706548,1,0.78725

23,24,0,8,4.359886,0,0.65015

23,16,4,6,2.306627,0,0.9016923

23,20,0,6,1.773283,0,0.8249572

23,9,1,3,1.173345,0,0.9572856

23,1,1,2,1.253298,0,0.829065

23,2,2,11,2.519948,0,0.9705681

23,6,2,11,3.079909,0,0.971472

23,19,0,11,3.413231,0,0.752619

23,13,1,3,1.93329,0,0.7456415

23,5,1,2,2.080024,0,0.7538911

23,11,3,11,3.133181,0,0.9526641

23,21,0,11,4.479877,1,0.5372022

23,22,0,5,4.479896,2,0.8432249

