0,8,4,12,4.0931,0,0.7872708

0,13,0,3,54.12979,13,0.9935667

0,9,0,8,2.693205,0,0.8839163

0,12,0,11,3.306498,0,0.7485273

0,1,1,5,4.706352,0,0.6995897

0,11,0,6,4.119834,0,0.8526348

0,5,1,8,5.626319,3,0.733307

0,2,2,3,2.173321,0,0.7196041

0,15,0,9,2.799859,0,0.9449714

0,14,0,5,7.786202,2,0.8896295

0,7,3,6,3.693061,0,0.9015857

0,3,3,11,3.479755,0,0.525425

0,6,2,2,10.15937,5,0.7862865

0,10,0,2,2.559881,0,0.9353232

0,16,0,11,11.81262,5,0.8399291

0,4,4,8,2.813233,0,0.5056129

1,4,4,8,1.98658,0,0.6032606

1,7,3,6,8.932798,2,0.710955

1,14,0,8,4.533067,1,0.8693331

1,8,4,12,9.012731,4,0.7487844

1,6,2,2,7.55957,3,0.7604703

1,11,0,2,1.759924,0,0.9308513

1,16,0,3,22.86515,4,0.8431247

1,3,3,11,4.519747,0,0.8131735

1,12,0,12,3.31976,0,0.8989223

1,2,2,3,8.572725,1,0.7873082

1,5,1,8,18.1855,11,0.5008796

1,1,1,5,3.986444,0,0.7912863

1,9,0,8,2.133201,0,0.9480417

1,13,0,6,4.079769,1,0.7769877

1,10,0,5,2.599889,0,0.840718

1,15,0,11,4.679724,2,0.8648281

2,4,4,8,2.359913,0,0.5239009

2,14,0,3,5.946359,2,0.7519991

2,3,3,11,3.066496,0,0.7299464

2,1,1,5,3.959836,0,0.7759568

2,16,0,5,6.159599,2,0.8864089

2,11,0,3,8.466152,3,0.7942568

2,12,0,11,3.546494,0,0.6992583

2,5,1,8,5.373044,0,0.5372798

2,8,4,12,5.399669,1,0.6060047

2,10,0,9,2.173229,0,0.8157103

2,13,0,8,2.186595,0,0.7082307

2,15,0,11,10.79936,5,0.8660698

2,9,0,5,3.093169,0,0.914147

2,2,2,3,8.972769,1,0.7571549

2,7,3,6,4.653059,1,0.7189335

2,6,2,2,3.159818,1,0.798177

3,2,2,3,1.746599,0,0.7630582

3,16,0,5,4.893058,1,0.6922083

3,9,0,9,2.239898,0,0.6251488

3,4,4,8,1.666598,0,0.7573049

3,8,4,12,9.425986,5,0.5367739

3,14,0,9,6.866261,3,0.9088697

3,11,0,11,3.506451,0,0.8350762

3,7,3,6,4.533028,1,0.7415689

3,3,3,11,5.586318,0,0.5120802

3,15,0,2,2.986562,1,0.9440436

3,12,0,3,12.21258,5,0.5280242

3,13,0,12,6.866234,3,0.742003

3,10,0,5,3.586474,0,0.7374553

3,6,2,2,3.69314,2,0.7715167

3,5,1,8,13.7191,7,0.7136534

3,1,1,5,4.159744,0,0.7511888

4,7,3,6,8.13283,2,0.8466479

4,12,0,9,2.013238,0,0.7109846

4,11,0,2,3.319815,0,0.9118013

4,8,4,12,3.146502,0,0.6048819

4,15,0,6,3.106536,0,0.7799223

4,5,1,8,1.973262,0,0.8694234

4,1,1,5,3.866433,0,0.7168491

4,16,0,3,3.879765,2,0.7321211

4,4,4,8,1.666564,0,0.7892339

4,13,0,12,6.252942,2,0.8071163

4,3,3,11,3.879735,0,0.6350588

4,2,2,3,3.146456,1,0.5446967

4,9,0,11,2.213228,0,0.8318262

4,6,2,2,6.252939,3,0.5466273

4,10,0,5,3.693138,0,0.8070969

4,14,0,9,12.75923,7,0.7291083

5,15,0,2,4.453053,1,0.9196346

5,6,2,2,1.826608,0,0.8606617

5,13,0,11,4.23971,1,0.767974

5,7,3,6,6.466234,1,0.9460102

5,16,0,6,4.013113,1,0.6221313

5,10,0,11,3.359757,0,0.8676352

5,5,1,8,2.239889,0,0.8003261

5,2,2,3,3.253154,1,0.6096127

5,3,3,11,4.039711,0,0.5873417

5,12,0,8,1.746632,0,0.8058995

5,8,4,12,11.42598,7,0.7032219

5,4,4,8,1.826628,0,0.6338906

5,9,0,2,6.306275,1,0.7966893

5,1,1,5,3.533166,0,0.5070812

5,11,0,6,3.839756,1,0.7573736

5,14,0,8,3.93312,0,0.9729964

6,15,0,8,9.279379,7,0.997157

6,3,3,11,2.719859,0,0.7555229

6,7,3,6,3.399801,1,0.5007396

6,8,4,12,14.63906,7,0.8143451

6,16,0,2,2.773197,1,0.9947142

6,9,0,8,3.066522,0,0.5698295

6,4,4,8,1.333359,0,0.51847

6,12,0,12,2.293205,0,0.5156465

6,11,0,2,1.786642,0,0.5002956

6,10,0,5,3.866471,0,0.7595732

6,6,2,2,1.573352,0,0.9254876

6,1,1,5,3.293159,0,0.7711167

6,2,2,3,2.573197,1,0.7410766

6,13,0,5,1.799936,0,0.7649597

6,14,0,11,24.01176,17,0.8395081

6,5,1,8,7.852813,2,0.8110487

7,16,0,2,3.493145,2,0.9070744

7,10,0,2,3.013171,0,0.5009073

7,5,1,8,2.279892,0,0.7223196

7,12,0,5,3.23978,0,0.9847038

7,1,1,5,3.306495,0,0.8658226

7,6,2,2,3.186511,1,0.7298878

7,4,4,8,1.626581,0,0.7378201

7,13,0,8,2.879822,1,0.8409365

7,11,0,8,1.759928,0,0.6675524

7,15,0,12,4.82639,2,0.8472854

7,9,0,11,3.773102,0,0.8869138

7,7,3,6,5.253031,1,0.5687031

7,8,4,12,4.546434,0,0.7283559

7,14,0,5,4.19976,0,0.7555686

7,2,2,3,1.559968,0,0.7124093

7,3,3,11,3.279775,0,0.7299044

8,3,3,11,3.81313,0,0.503653

8,4,4,8,4.293072,0,0.5635235

8,13,0,6,3.999724,1,0.7482529

8,16,0,9,1.919927,0,0.7360732

8,5,1,8,1.679956,0,0.938961

8,2,2,3,2.626523,1,0.5621287

8,15,0,2,2.506536,1,0.9628928

8,8,4,12,5.946301,3,0.7237449

8,11,0,5,3.693132,0,0.598247

8,14,0,11,5.826324,2,0.7769591

8,1,1,5,4.079774,0,0.8832191

8,7,3,6,5.852999,1,0.6134194

8,10,0,11,3.959723,0,0.7422659

8,12,0,9,2.599825,0,0.5911505

8,9,0,2,2.306555,0,0.8942096

8,6,2,2,2.906459,1,0.7093912

9,4,4,8,1.90657,0,0.6393406

9,10,0,3,3.3998,1,0.5434793

9,11,0,11,2.826535,0,0.8407449

9,6,2,2,2.786552,1,0.7061014

9,7,3,6,4.893092,1,0.7384928

9,12,0,5,4.413068,0,0.9013962

9,16,0,5,4.359727,1,0.8790975

9,2,2,3,2.706497,1,0.6379499

9,8,4,12,6.946237,4,0.500188

9,1,1,5,3.306509,0,0.7633057

9,9,0,9,2.42658,0,0.8056439

9,15,0,8,9.426064,6,0.9179681

9,14,0,2,7.132885,4,0.8165057

9,13,0,11,5.586276,1,0.887887

9,5,1,8,4.639682,1,0.9028028

9,3,3,11,3.346498,0,0.5012423

10,11,0,2,3.239813,1,0.8240657

10,2,2,3,2.413204,1,0.6609443

10,15,0,11,3.453072,1,0.8862167

10,12,0,12,4.413091,1,0.7731991

10,1,1,5,3.359836,0,0.5098521

10,14,0,5,3.919773,0,0.7246993

10,4,4,8,1.959929,0,0.5039253

10,8,4,12,3.25316,0,0.8001699

10,16,0,2,3.106502,1,0.6645684

10,9,0,5,3.266482,0,0.7332922

10,5,1,8,3.399808,0,0.906304

10,3,3,11,3.413136,0,0.5440162

10,10,0,8,1.493256,0,0.668369

10,13,0,8,3.733126,1,0.7883669

10,6,2,2,2.533227,1,0.7582393

10,7,3,6,4.786427,1,0.8960409

11,4,4,8,1.453334,0,0.6743147

11,15,0,11,3.826439,1,0.882673

11,6,2,2,2.586536,1,0.8625547

11,5,1,8,1.959931,0,0.9306183

11,2,2,3,2.41319,1,0.5367981

11,7,3,6,4.999742,1,0.9093685

11,10,0,12,4.399764,0,0.9510026

11,3,3,11,3.05318,0,0.7529943

11,13,0,8,5.146322,2,0.8617102

11,14,0,3,8.426123,1,0.5211426

11,16,0,6,5.533005,2,0.9598727

11,12,0,8,1.386616,0,0.5446047

11,1,1,5,2.74653,1,0.7794476

11,11,0,5,3.186535,0,0.7945706

11,8,4,12,4.546425,2,0.5448854

11,9,0,2,1.653276,0,0.8221927

12,2,2,3,2.506508,1,0.8056355

12,13,0,5,4.106433,1,0.8668298

12,7,3,6,4.239743,1,0.7875677

12,11,0,2,2.159936,1,0.7368314

12,15,0,11,4.386428,0,0.7604077

12,6,2,2,17.74553,10,0.9629465

12,14,0,3,2.759863,1,0.8860657

12,3,3,11,3.586433,0,0.744679

12,4,4,8,1.866597,0,0.7151173

12,5,1,8,2.599859,0,0.7158533

12,1,1,5,2.693196,0,0.7289825

12,16,0,8,2.399853,0,0.795558

12,9,0,5,2.826553,0,0.7703261

12,12,0,8,2.426543,1,0.7207802

12,8,4,12,4.666405,1,0.5272254

12,10,0,11,3.413146,0,0.8338283

13,5,1,8,7.772792,3,0.7954982

13,2,2,3,1.906605,1,0.8841991

13,10,0,2,1.146661,0,0.769272

13,16,0,11,6.866239,3,0.9014863

13,4,4,8,1.426619,0,0.8818947

13,13,0,9,4.519758,2,0.7226786

13,15,0,3,3.226512,1,0.784554

13,3,3,11,3.799779,0,0.853895

13,8,4,12,4.666415,2,0.761228

13,9,0,5,3.093178,0,0.7380617

13,6,2,2,5.626313,1,0.7524514

13,12,0,8,1.53328,0,0.5786992

13,14,0,6,3.559792,1,0.8218406

13,11,0,11,3.226491,0,0.790244

13,1,1,5,4.413106,0,0.7444342

13,7,3,6,5.946301,1,0.5117759

14,11,0,5,3.439783,0,0.5696878

14,15,0,2,3.386412,2,0.6969567

14,16,0,12,5.666404,2,0.8629189

14,9,0,9,1.799952,0,0.6841832

14,4,4,8,1.39998,0,0.5264215

14,3,3,11,3.693101,0,0.7365578

14,8,4,12,3.279808,0,0.7956122

14,7,3,6,4.946381,1,0.7325794

14,14,0,5,3.31986,0,0.5735395

14,12,0,11,4.066436,0,0.757749

14,1,1,5,3.159827,0,0.5473978

14,2,2,3,2.786546,1,0.8175123

14,5,1,8,2.986508,1,0.7984156

14,6,2,2,1.919929,0,0.8020011

14,13,0,8,1.853276,0,0.8155063

14,10,0,3,3.02645,1,0.5251062

15,13,0,8,1.586609,0,0.7198197

15,16,0,11,6.572904,3,0.7324329

15,11,0,6,4.133098,1,0.742247

15,8,4,12,5.839624,3,0.5506576

15,10,0,8,2.546557,1,0.9839208

15,4,4,8,1.719941,0,0.8417879

15,6,2,2,2.933169,1,0.9416761

15,12,0,11,2.919898,0,0.8873401

15,14,0,6,4.599747,1,0.7982372

15,3,3,11,2.866547,0,0.7768309

15,1,1,5,2.786533,0,0.721805

15,2,2,3,2.439883,1,0.6301629

15,9,0,2,2.893173,1,0.8568718

15,5,1,8,1.839921,0,0.8155007

15,7,3,6,5.906337,1,0.6917173

15,15,0,2,6.252926,2,0.7903804

16,11,0,12,3.666474,0,0.5076982

16,8,4,12,11.35926,7,0.7155465

16,7,3,6,3.839776,1,0.5255303

16,3,3,11,3.119836,0,0.5219241

16,16,0,11,5.426362,2,0.9238463

16,9,0,2,1.533324,0,0.8590243

16,5,1,8,8.199491,3,0.8669999

16,14,0,9,10.02603,4,0.8283884

16,12,0,8,1.493283,0,0.5540513

16,1,1,5,2.586536,0,0.7441159

16,4,4,8,1.240038,0,0.5717442

16,2,2,3,2.733238,1,0.7920646

16,6,2,2,2.613223,1,0.8205692

16,10,0,5,3.026516,0,0.7626335

16,15,0,6,3.906395,1,0.5625393

16,13,0,2,1.906584,1,0.9311371

17,15,0,12,4.053105,0,0.8555551

17,6,2,2,2.506499,1,0.7150308

17,7,3,6,3.346483,0,0.777052

17,13,0,9,5.852934,3,0.8600156

17,8,4,12,7.519504,2,0.5085822

17,16,0,6,4.55973,1,0.9204717

17,3,3,11,3.159808,0,0.8432266

17,10,0,6,4.226384,1,0.5034729

17,1,1,5,3.106498,0,0.7101904

17,14,0,3,3.25313,1,0.7100169

17,4,4,8,1.293318,0,0.5900834

17,2,2,3,2.893184,1,0.6425156

17,12,0,8,1.346651,0,0.5537727

17,11,0,12,3.55983,0,0.8562474

17,5,1,8,2.906485,1,0.7933618

17,9,0,3,1.746634,0,0.8753471

18,19,0,2,3.733136,0,0.5510619

18,9,1,8,3.03977,1,0.7707403

18,17,0,6,2.81313,1,0.7750354

18,6,2,3,2.813174,0,0.7909311

18,12,4,12,5.066403,1,0.7398725

18,1,1,5,2.999804,0,0.8313648

18,11,3,6,3.83979,0,0.8883445

18,2,2,3,2.306536,0,0.7294409

18,21,0,6,3.119826,1,0.8528242

18,15,3,6,3.093179,0,0.6491144

18,16,4,12,3.653177,0,0.5162063

18,22,0,12,8.8528,2,0.553921

18,10,2,2,2.093206,0,0.852412

18,5,1,5,3.119829,0,0.7273938

18,14,2,2,1.533322,0,0.8979183

18,24,0,9,2.839839,0,0.9448018

18,8,4,8,1.319948,0,0.7331016

18,4,4,8,1.479874,0,0.5165309

18,13,1,8,3.413138,0,0.7540569

18,7,3,11,3.799773,0,0.5350676

18,3,3,11,3.039834,0,0.7908764

18,20,0,12,3.426435,0,0.7332946

18,18,0,8,1.33331,0,0.9609326

18,23,0,2,2.373212,1,0.5147356

19,2,2,3,1.719985,0,0.7240943

19,20,0,2,1.106587,0,0.5001493

19,5,1,5,2.239905,0,0.7640471

19,23,0,11,4.519736,0,0.6230388

19,12,4,12,2.813199,0,0.5378736

19,9,1,8,1.826555,0,0.5845514

19,22,0,2,2.91982,1,0.8306517

19,18,0,5,3.386482,0,0.7948188

19,1,1,5,3.279815,0,0.7545331

19,21,0,9,1.653301,0,0.752914

19,19,0,8,1.639863,0,0.7391492

19,10,2,2,2.479848,1,0.8429853

19,6,2,3,2.493172,1,0.7086742

19,8,4,8,1.120021,0,0.5800598

19,11,3,6,4.573081,1,0.824266

19,7,3,11,3.413123,0,0.5000264

19,13,1,8,1.826573,0,0.6245536

19,16,4,12,5.226369,2,0.8594741

19,3,3,11,3.146535,0,0.7094609

19,24,0,5,6.599617,3,0.6645759

19,17,0,11,3.973108,0,0.8168689

19,15,3,6,4.133077,1,0.6115368

19,14,2,2,3.853117,1,0.7501487

19,4,4,8,1.333307,0,0.7412174

20,11,3,6,20.78533,12,0.8030761

20,19,0,11,2.266584,0,0.5785715

20,14,2,2,2.199886,1,0.575396

20,12,4,12,3.426478,0,0.7776082

20,22,0,11,6.372972,2,0.8169345

20,3,3,11,3.679853,0,0.8710811

20,15,3,6,3.333186,0,0.8574774

20,17,0,8,1.493261,0,0.8328579

20,16,4,12,3.039875,0,0.7261498

20,18,0,2,3.066487,1,0.7798325

20,4,4,8,1.106632,0,0.5368696

20,21,0,8,2.039918,0,0.8782992

20,2,2,3,2.199791,1,0.6955555

20,1,1,5,2.159847,0,0.8149952

20,24,0,6,3.253132,1,0.9434268

20,7,3,11,3.093193,0,0.7464618

20,13,1,8,1.453241,0,0.778477

20,8,4,8,1.253339,0,0.5156295

20,23,0,2,2.973155,1,0.5917724

20,10,2,2,1.293328,0,0.755432

20,6,2,3,4.759664,1,0.5002561

20,20,0,6,4.479741,1,0.8190433

20,5,1,5,2.613203,0,0.7466741

20,9,1,8,3.279861,2,0.7119888

21,2,2,3,2.626547,1,0.8020409

21,11,3,6,3.546432,0,0.9060156

21,12,4,12,4.599769,1,0.8195128

21,19,0,8,1.37328,0,0.9851304

21,4,4,8,1.413283,0,0.5061495

21,18,0,5,2.866452,0,0.7815543

21,8,4,8,1.239953,0,0.5538353

21,14,2,2,2.826517,1,0.7269942

21,1,1,5,2.746537,0,0.8061801

21,16,4,12,10.86596,3,0.5045776

21,20,0,11,3.893126,0,0.6102232

21,24,0,2,2.426544,1,0.67534

21,23,0,11,2.719858,0,0.797259

21,3,3,11,4.053105,0,0.8066359

21,10,2,2,2.75985,1,0.5210795

21,22,0,8,1.839925,0,0.5835541

21,17,0,2,2.38652,0,0.8795744

21,5,1,5,4.199811,0,0.7954987

21,21,0,5,3.333152,1,0.9975009

21,9,1,8,2.653182,1,0.9269289

21,13,1,8,2.039942,0,0.7937034

21,7,3,11,3.30649,0,0.9208741

21,15,3,6,4.386405,1,0.5775242

21,6,2,3,5.066391,1,0.5024363

22,5,1,5,3.013189,0,0.6421385

22,22,0,3,2.146515,1,0.8775638

22,12,4,12,3.586468,0,0.5232707

22,21,0,6,4.359782,1,0.7079988

22,23,0,11,2.986509,0,0.9285842

22,24,0,8,2.533186,1,0.9941354

22,3,3,11,3.319753,0,0.7845381

22,16,4,12,6.452955,3,0.6573899

22,19,0,8,1.306607,0,0.8431389

22,4,4,8,1.413297,0,0.7413814

22,18,0,3,2.813195,1,0.5008397

22,17,0,12,3.49315,0,0.5763173

22,10,2,2,2.799881,1,0.5117784

22,2,2,3,2.266557,1,0.8196055

22,8,4,8,1.320001,0,0.6048552

22,14,2,2,2.666512,1,0.758078

22,15,3,6,3.959754,1,0.5530429

22,20,0,6,3.719758,0,0.7229421

22,1,1,5,3.533114,1,0.7567636

22,7,3,11,3.0665,0,0.5958418

22,6,2,3,2.559858,1,0.7742112

22,9,1,8,2.519875,0,0.8620348

22,13,1,8,2.039923,0,0.7449477

22,11,3,6,3.186537,0,0.9635109

23,10,2,2,1.386613,0,0.5513223

23,3,3,11,3.186507,0,0.6323335

23,13,1,8,6.093001,3,0.9337468

23,19,0,8,1.639926,0,0.9490632

23,6,2,3,2.946454,1,0.6012334

23,9,1,8,5.639655,0,0.6034673

23,8,4,8,1.346659,0,0.70319

23,21,0,11,3.693132,1,0.9138141

23,20,0,3,2.5999,1,0.7398547

23,16,4,12,3.106458,1,0.5069498

23,22,0,8,3.333139,1,0.7615959

23,17,0,11,2.186572,0,0.7184977

23,11,3,6,3.213144,1,0.7888599

23,5,1,5,4.09306,0,0.5232538

23,12,4,12,3.479843,1,0.680589

23,1,1,5,2.746527,0,0.6994497

23,18,0,6,3.853098,1,0.793879

23,2,2,3,2.399863,1,0.7828246

23,23,0,2,5.106357,1,0.8114051

23,14,2,2,2.146564,1,0.7702764

23,15,3,6,3.799799,1,0.7676988

23,24,0,5,3.05319,0,0.7854013

23,4,4,8,1.386638,0,0.7409685

23,7,3,11,2.853179,0,0.5130171

