0,12,0,6,3.759931,0,0.8998414

0,15,0,5,5.973142,1,0.7855507

0,13,0,3,2.199939,0,0.5793181

0,5,1,5,3.493217,0,0.8685633

0,9,0,3,1.719995,0,0.6066515

0,8,4,9,8.866352,0,0.8283339

0,1,1,5,8.146399,0,0.7935382

0,11,0,11,3.813235,0,0.9401736

0,16,0,11,3.346563,0,0.9949994

0,6,2,11,2.026587,0,0.9103617

0,2,2,12,2.453269,0,0.9332629

0,10,0,9,2.986626,0,0.7826492

0,4,4,2,4.186514,0,0.8270618

0,7,3,2,3.413243,0,0.8652943

0,14,0,8,3.159935,0,0.5543922

0,3,3,8,6.986394,0,0.8176118

1,4,4,2,4.359885,0,0.8531641

1,10,0,5,2.266543,0,0.7541894

1,11,0,11,4.813133,0,0.9985011

1,5,1,5,3.82658,0,0.8919387

1,13,0,2,1.466637,0,0.8006789

1,2,2,12,8.133085,0,0.9473571

1,7,3,2,1.85332,0,0.7665628

1,9,0,2,3.826549,0,0.935249

1,14,0,8,4.079864,0,0.9696139

1,6,2,11,3.066665,0,0.599799

1,15,0,6,2.319941,0,0.9363977

1,3,3,8,2.773265,0,0.7567502

1,16,0,12,2.773352,0,0.9727277

1,1,1,5,9.399652,0,0.7817842

1,12,0,9,4.853185,0,0.8219485

1,8,4,9,2.746606,0,0.8518498

2,9,0,8,3.799901,0,0.7855582

2,3,3,8,2.333258,0,0.8510399

2,4,4,2,3.839856,0,0.8140346

2,16,0,12,3.813192,0,0.9753692

2,15,0,2,3.933233,0,0.698607

2,7,3,2,1.346689,0,0.7475495

2,8,4,9,6.946393,0,0.8204593

2,1,1,5,4.986523,0,0.7611367

2,6,2,11,3.026588,0,0.8592887

2,12,0,6,3.813259,0,0.715494

2,14,0,8,3.319905,0,0.8036888

2,5,1,5,3.826591,0,0.869396

2,10,0,3,1.906605,0,0.811123

2,11,0,11,9.079683,0,0.9093046

2,13,0,5,3.31997,0,0.7226328

2,2,2,12,3.25324,0,0.9520016

3,11,0,6,4.746511,0,0.7697686

3,5,1,5,3.999869,0,0.8792894

3,7,3,2,1.373318,0,0.8010225

3,3,3,8,1.640007,0,0.8072183

3,9,0,2,3.27993,0,0.7739916

3,4,4,2,1.613314,0,0.8419408

3,13,0,9,2.239962,0,0.8757326

3,10,0,12,2.533288,0,0.5579085

3,1,1,5,3.61323,0,0.7513351

3,15,0,11,3.239953,0,0.9968977

3,6,2,11,4.306578,0,0.8876213

3,12,0,8,5.266426,0,0.800473

3,16,0,2,3.799937,0,0.7158477

3,14,0,6,4.25319,0,0.9773603

3,8,4,9,3.599889,0,0.8873936

3,2,2,12,4.319894,0,0.9563101

4,10,0,6,3.026594,0,0.8723649

4,3,3,8,2.199956,0,0.7931198

4,16,0,11,2.91993,0,0.9974228

4,8,4,9,4.693189,0,0.818449

4,5,1,5,3.573227,0,0.8513199

4,4,4,2,1.813359,0,0.8495092

4,12,0,8,3.146525,0,0.7761872

4,1,1,5,1.693251,0,0.7773407

4,7,3,2,1.479976,0,0.7428659

4,6,2,11,5.586445,0,0.9091866

4,11,0,11,5.186516,0,0.8200926

4,13,0,2,3.613254,0,0.8117554

4,15,0,8,4.759801,0,0.7623658

4,2,2,12,8.146358,0,0.9499564

4,14,0,5,3.119956,0,0.7971436

4,9,0,2,1.63996,0,0.6172866

5,7,3,2,1.533311,0,0.790085

5,10,0,3,3.13326,0,0.5086236

5,12,0,8,3.653191,0,0.8559551

5,16,0,5,3.146606,0,0.8550346

5,8,4,9,4.306557,0,0.7896358

5,5,1,5,4.133239,0,0.9248854

5,6,2,11,3.519887,0,0.8845848

5,4,4,2,1.826575,0,0.8125961

5,3,3,8,3.853234,0,0.8116196

5,14,0,12,3.773229,0,0.8982058

5,1,1,5,6.973031,0,0.8049704

5,15,0,8,2.679893,0,0.9777369

5,9,0,6,2.639952,0,0.7419538

5,13,0,2,1.559972,0,0.8391588

5,11,0,12,11.59966,0,0.8186265

5,2,2,12,7.813065,0,0.9474701

6,11,0,8,5.933173,0,0.6458511

6,5,1,5,5.306488,0,0.9124004

6,3,3,8,1.906657,0,0.774754

6,12,0,6,1.573316,0,0.941286

6,9,0,11,6.213112,0,0.8634749

6,1,1,5,3.133212,0,0.7305348

6,15,0,2,1.39999,0,0.5510571

6,7,3,2,3.639862,0,0.6935288

6,8,4,9,3.653244,0,0.790027

6,13,0,5,2.906649,0,0.7661722

6,4,4,2,1.773336,0,0.8048899

6,2,2,12,3.373262,0,0.9488849

6,14,0,12,8.999682,0,0.9754137

6,10,0,2,2.799967,0,0.7279937

6,6,2,11,3.319902,0,0.9076592

6,16,0,8,2.266597,0,0.5140017

7,13,0,2,3.799882,0,0.7363468

7,16,0,8,3.999883,0,0.7862158

7,9,0,6,1.693339,0,0.9445924

7,4,4,2,1.373372,0,0.8493802

7,8,4,9,4.95989,0,0.8363947

7,15,0,5,5.813159,0,0.9963304

7,12,0,8,2.279941,0,0.8055658

7,5,1,5,3.453235,0,0.9102768

7,2,2,12,5.333176,0,0.9664574

7,7,3,2,1.240016,0,0.8660837

7,14,0,11,2.480004,0,0.8740844

7,6,2,11,3.159938,0,0.8381005

7,3,3,8,2.279941,0,0.7890641

7,10,0,11,5.453197,0,0.6606616

7,1,1,5,4.653199,0,0.7192935

7,11,0,2,1.239989,0,0.5227743

8,9,0,5,1.226636,0,0.7323191

8,1,1,5,3.853209,0,0.7926039

8,3,3,8,1.83999,0,0.8347566

8,8,4,9,3.746622,0,0.7879485

8,12,0,9,2.999919,0,0.5640322

8,6,2,11,5.239832,0,0.8522245

8,7,3,2,1.053343,0,0.8086212

8,14,0,2,3.893264,0,0.8063173

8,13,0,11,1.186635,0,0.9478142

8,5,1,5,2.813251,0,0.9131146

8,11,0,3,1.039995,0,0.9668015

8,10,0,12,3.759941,0,0.5378701

8,4,4,2,0.9600242,0,0.8114689

8,2,2,12,5.546494,0,0.9511925

8,16,0,8,2.199947,1,0.9517963

8,15,0,5,1.079998,0,0.8293689

9,10,0,2,0.8400016,0,0.9753354

9,1,1,5,3.093281,0,0.7524436

9,9,0,6,4.906587,0,0.6284259

9,5,1,5,3.226561,0,0.7871148

9,4,4,2,1.213352,0,0.9057823

9,3,3,8,2.15988,0,0.7386715

9,15,0,12,2.906517,0,0.8482457

9,7,3,2,1.146694,0,0.8181501

9,16,0,9,3.133287,0,0.7181787

9,13,0,2,0.9733012,0,0.768459

9,6,2,11,1.946624,0,0.9138331

9,8,4,9,1.746708,0,0.8699962

9,12,0,8,2.493345,0,0.8709434

9,11,0,11,2.906667,0,0.9727696

9,14,0,5,3.453291,0,0.7818863

9,2,2,12,4.133191,0,0.9676965

10,6,2,11,2.733293,0,0.9125896

10,4,4,2,1.373322,0,0.8802632

10,11,0,11,2.386611,0,0.9366003

10,10,0,6,3.293247,0,0.7839769

10,16,0,11,2.319973,0,0.9876679

10,13,0,2,1.160002,0,0.7986024

10,12,0,3,6.159844,0,0.8363116

10,2,2,12,2.733254,0,0.9542484

10,7,3,2,0.8532996,0,0.7693605

10,3,3,8,1.799996,0,0.7505236

10,15,0,9,3.493172,0,0.9835698

10,8,4,9,2.813226,0,0.8804476

10,5,1,5,2.106626,0,0.8751012

10,9,0,8,1.573353,0,0.6048032

10,1,1,5,3.559888,0,0.7950153

10,14,0,5,2.479957,1,0.9139681

11,15,0,6,12.53284,0,0.8734863

11,16,0,8,1.533287,0,0.9051635

11,1,1,5,2.239955,0,0.813363

11,5,1,5,1.959954,0,0.9298655

11,14,0,12,2.199936,0,0.8853806

11,9,0,12,2.519962,0,0.7097697

11,13,0,2,0.7733709,0,0.8512189

11,12,0,3,2.14661,0,0.6298293

11,6,2,11,1.880002,0,0.8701924

11,8,4,9,9.093059,0,0.8247819

11,4,4,2,0.8666863,0,0.8839668

11,10,0,6,1.119946,0,0.8455144

11,3,3,8,2.999933,0,0.8676984

11,11,0,8,3.773238,0,0.9290974

11,7,3,2,3.1866,0,0.7576552

11,2,2,12,4.986498,0,0.9402074

12,7,3,2,0.746732,0,0.792959

12,15,0,2,0.9599984,0,0.8773633

12,10,0,2,2.826609,0,0.8909112

12,11,0,6,1.373362,0,0.9650931

12,9,0,8,1.493321,0,0.9295506

12,14,0,11,3.159956,0,0.9540368

12,6,2,11,2.586584,0,0.7703448

12,4,4,2,0.7999772,0,0.8899141

12,1,1,5,1.066641,0,0.8045923

12,12,0,11,3.266573,0,0.5031895

12,5,1,5,2.239988,0,0.9834306

12,13,0,8,1.453344,0,0.7388775

12,8,4,9,6.319757,0,0.8395338

12,3,3,8,2.786612,0,0.839696

12,16,0,5,2.173348,0,0.9416675

12,2,2,12,3.853215,0,0.9339083

13,4,4,2,0.9467245,0,0.8183611

13,5,1,5,1.026649,0,0.9796194

13,15,0,5,3.253214,0,0.9021427

13,11,0,9,3.226583,0,0.7537746

13,7,3,2,1.693268,0,0.9279684

13,10,0,5,0.8800115,0,0.98306

13,16,0,12,3.293218,1,0.9680273

13,13,0,3,0.8533179,0,0.9076242

13,1,1,5,0.6666878,0,0.7934051

13,9,0,12,2.733242,0,0.718805

13,6,2,11,3.239868,0,0.8902011

13,12,0,2,0.773324,0,0.9606976

13,2,2,12,5.813134,0,0.9459544

13,8,4,9,2.599889,0,0.8335133

13,14,0,8,2.346559,1,0.9087979

13,3,3,8,1.466635,0,0.8115524

14,11,0,8,2.893252,0,0.9806628

14,13,0,5,1.506685,0,0.9642426

14,1,1,5,2.599948,0,0.7815211

14,3,3,8,2.506659,0,0.8007777

14,10,0,12,2.626589,0,0.7673564

14,6,2,11,2.319999,0,0.9407192

14,4,4,2,0.8266515,0,0.9186743

14,15,0,2,3.333244,0,0.5204043

14,8,4,9,3.146561,0,0.7455217

14,2,2,12,2.933263,0,0.9622174

14,5,1,5,2.906561,0,0.9662199

14,9,0,6,3.186558,0,0.7130774

14,7,3,2,2.573233,0,0.8520734

14,12,0,2,1.853273,1,0.8878153

14,14,0,8,1.519971,0,0.8035227

14,16,0,11,1.440018,0,0.8077449

15,7,3,2,0.8266721,0,0.8049653

15,6,2,11,1.320012,0,0.9919689

15,9,0,5,2.706646,0,0.9725755

15,8,4,9,3.253204,0,0.725381

15,14,0,2,0.7333954,0,0.971904

15,15,0,5,3.586561,1,0.5582691

15,16,0,9,3.693227,0,0.7376562

15,3,3,8,3.453311,0,0.7436121

15,4,4,2,0.7600146,0,0.8706045

15,2,2,12,3.239894,0,0.9869347

15,5,1,5,1.986623,0,0.920066

15,12,0,8,3.133237,0,0.8846964

15,11,0,11,2.759902,0,0.9082918

15,10,0,2,1.106636,0,0.5441099

15,1,1,5,0.9466215,0,0.7574455

15,13,0,11,2.146654,0,0.8077033

16,8,4,9,3.519904,0,0.8115937

16,2,2,12,2.599979,0,0.9442967

16,1,1,5,2.266635,0,0.7222009

16,5,1,5,2.15989,0,0.9690846

16,15,0,3,0.960043,0,0.8433198

16,13,0,5,3.399916,0,0.960218

16,12,0,5,3.239908,0,0.6604896

16,11,0,11,2.319938,0,0.7686282

16,7,3,2,0.9066215,0,0.5230102

16,10,0,2,2.519952,0,0.716596

16,9,0,8,2.893255,0,0.8728535

16,4,4,2,0.8532986,0,0.8810139

16,6,2,11,2.053243,0,0.9591784

16,14,0,11,2.519974,0,0.9820543

16,16,0,8,1.306665,0,0.9114894

16,3,3,8,2.79991,0,0.8205755

17,6,2,11,2.173278,0,0.9483844

17,10,0,2,0.8267725,0,0.8488075

17,1,1,5,2.906672,0,0.7791322

17,12,0,12,2.239953,0,0.5002559

17,13,0,8,1.386606,0,0.9918047

17,3,3,8,3.266544,0,0.7651103

17,5,1,5,2.31999,0,0.9750989

17,16,0,2,0.9866664,0,0.9740421

17,9,0,8,2.639953,0,0.5052616

17,2,2,12,2.959966,0,0.9437602

17,7,3,2,0.7066535,0,0.7786546

17,14,0,11,1.986664,0,0.9039861

17,8,4,9,4.453211,0,0.8876573

17,4,4,2,0.7999865,0,0.9122322

17,11,0,5,3.519864,0,0.8901436

17,15,0,5,2.866567,0,0.9984018

18,12,4,9,2.439891,1,0.7246243

18,18,0,11,2.519907,0,0.8112944

18,13,1,5,3.226587,0,0.8931304

18,1,1,5,2.34659,0,0.7817702

18,6,2,12,2.293262,0,0.9376168

18,9,1,5,2.626641,0,0.889842

18,5,1,5,1.79998,0,0.7171574

18,22,0,8,2.799906,0,0.539816

18,24,0,2,0.7866647,0,0.841888

18,3,3,8,2.759929,0,0.9059407

18,16,4,9,2.799949,0,0.5323668

18,7,3,8,2.78665,0,0.7847168

18,15,3,2,0.7199772,0,0.5003794

18,23,0,11,1.533308,0,0.8100221

18,20,0,9,4.359859,0,0.5441682

18,2,2,12,6.746428,0,0.9029579

18,19,0,5,1.586704,0,0.82977

18,11,3,2,1.373325,1,0.8628229

18,8,4,2,1.200025,0,0.824388

18,4,4,2,1.186655,0,0.8373907

18,10,2,11,2.1733,0,0.9895697

18,17,0,2,0.9466795,0,0.9334163

18,14,2,11,2.213271,0,0.9718568

18,21,0,6,3.173255,0,0.6399609

19,11,3,2,0.8400332,0,0.8008949

19,3,3,8,2.813199,0,0.8756678

19,19,0,3,1.213261,0,0.7554176

19,22,0,6,3.599945,0,0.5016088

19,10,2,11,1.61329,0,0.5233258

19,12,4,9,2.933208,0,0.8110893

19,4,4,2,1.240007,0,0.9207158

19,17,0,8,5.599865,0,0.5155872

19,8,4,2,0.7333321,0,0.8485859

19,20,0,11,3.50655,0,0.9927108

19,14,2,11,2.21335,0,0.889481

19,9,1,5,2.706586,0,0.8592877

19,6,2,12,2.599908,0,0.9377351

19,24,0,8,1.986616,0,0.886875

19,2,2,12,1.986648,0,0.9308031

19,7,3,8,3.013277,0,0.8756569

19,18,0,6,1.946633,0,0.7471076

19,5,1,5,1.666642,0,0.7404649

19,13,1,5,3.333205,2,0.8508026

19,16,4,9,2.879936,0,0.7878699

19,23,0,2,0.8266908,0,0.7973052

19,1,1,5,1.45325,0,0.8093413

19,21,0,11,1.679925,0,0.9785495

19,15,3,2,0.653403,0,0.541074

