1,0,3,2,2.480007,1,0.6919582

1,1,0,8,3.360031,0,0.5477849

1,2,4,11,3.786487,0,0.6546254

1,3,2,9,1.853298,0,0.631149

1,4,0,6,2.0134,0,0.7448441

1,5,0,2,2.506575,0,0.7532496

1,6,0,12,2.066631,1,0.6413201

1,7,1,5,4.493222,3,0.5606406

2,0,4,11,1.146743,0,0.7353033

2,1,1,5,1.839973,0,0.5851407

2,2,0,8,1.573423,0,0.4656227

2,3,0,11,3.346707,0,0.5707386

2,4,0,5,1.706687,0,0.3878912

2,5,0,2,2.946479,0,0.5613686

2,6,2,9,3.346603,0,0.5763173

2,7,3,2,2.106552,0,0.5486596

3,0,0,11,1.346768,0,0.5738534

3,1,0,8,3.33318,0,0.5629216

3,2,4,11,1.33344,0,0.6946511

3,3,1,5,3.066711,1,0.6468888

3,4,2,9,2.786452,0,0.6120417

3,5,0,5,2.826741,0,0.5486178

3,6,0,3,5.359632,0,0.6794797

3,7,3,2,2.839895,1,0.7044627

4,0,3,2,2.95981,0,0.6923218

4,1,0,2,3.239892,0,0.6681196

4,2,2,9,2.093296,0,0.6857013

4,3,1,5,3.706575,2,0.3874061

4,4,0,8,2.85338,0,0.6156262

4,5,0,5,1.866551,0,0.6763484

4,6,4,11,2.213104,0,0.6661865

4,7,0,11,3.23982,0,0.6199425

5,0,4,11,1.560053,0,0.6762574

5,1,0,8,1.360133,0,0.5573392

5,2,0,11,2.346632,0,0.6601359

5,3,0,2,2.226535,0,0.6098683

5,4,3,2,1.773111,0,0.4968924

5,5,0,5,2.599944,0,0.7174607

5,6,1,5,2.240101,1,0.550846

5,7,2,9,1.733385,0,0.5711727

6,0,0,2,2.453369,0,0.4138575

6,1,1,5,3.280157,1,0.6784185

6,2,0,12,1.053375,0,0.6523204

6,3,0,8,1.466638,0,0.4486298

6,4,4,11,1.399999,0,0.6745679

6,5,3,2,1.813301,1,0.4876741

6,6,0,6,4.039873,1,0.63366

6,7,2,9,3.226768,0,0.6795194

7,0,3,2,2.346704,0,0.6017656

7,1,0,5,2.480004,0,0.7372174

7,2,1,5,1.986567,0,0.4582446

7,3,0,8,2.19986,1,0.5864984

7,4,4,11,1.42663,0,0.6339868

7,5,0,11,2.093412,0,0.5989912

7,6,2,9,3.466772,0,0.5989212

7,7,0,3,2.719959,1,0.5508616

8,0,3,2,2.119901,0,0.6618169

8,1,1,5,2.520162,0,0.4296535

8,2,2,9,3.853225,1,0.7093559

8,3,0,11,1.173519,0,0.5163955

8,4,0,6,2.879792,0,0.5951939

8,5,4,11,1.14663,0,0.7504656

8,6,0,2,1.866657,0,0.6341707

8,7,0,8,2.946577,0,0.5798576

9,0,2,9,3.919989,1,0.7020729

9,1,0,11,5.186493,2,0.7409574

9,2,0,6,2.8667,0,0.4263703

9,3,4,11,1.160158,0,0.6315581

9,4,1,5,3.266815,0,0.3875897

9,5,3,2,3.839879,0,0.6984702

9,6,0,3,2.533424,0,0.6054184

9,7,0,9,4.479928,0,0.755129

10,0,0,8,3.186431,0,0.663106

10,1,0,2,3.626653,0,0.600797

10,2,3,2,3.586663,0,0.694741

10,3,2,9,2.640073,0,0.6942147

10,4,0,6,1.626615,0,0.6616343

10,5,0,11,3.333037,0,0.6316236

10,6,4,11,1.359987,0,0.6821108

10,7,1,5,9.97277,3,0.7372741

11,0,0,12,3.453216,0,0.6373923

11,1,3,2,1.840064,0,0.6638389

11,2,0,6,2.30654,0,0.6464596

11,3,4,11,1.320095,0,0.7208236

11,4,2,9,1.840107,0,0.662868

11,5,0,9,3.22657,0,0.5688591

11,6,1,5,7.679733,3,0.7035198

11,7,0,3,3.399985,0,0.6223657

12,0,0,11,2.146623,0,0.6230711

12,1,0,9,2.319995,1,0.4155007

12,2,3,2,3.399766,0,0.5835553

12,3,1,5,4.679972,3,0.6644455

12,4,0,3,2.413275,0,0.6131586

12,5,0,5,4.55977,1,0.7168626

12,6,4,11,1.546769,0,0.692583

12,7,2,9,4.173183,1,0.6789432

13,0,0,11,1.186829,0,0.668642

13,1,2,9,2.65349,0,0.6863614

13,2,0,3,1.866562,0,0.6029041

13,3,3,2,1.626648,0,0.6920346

13,4,0,8,1.346718,0,0.4409813

13,5,4,11,1.199945,0,0.7092619

13,6,1,5,4.453037,0,0.5300389

13,7,0,5,4.586471,2,0.5953117

14,0,0,5,3.773252,0,0.5950316

14,1,1,5,1.599945,0,0.5695983

14,2,4,11,1.879916,0,0.7014219

14,3,3,2,1.919958,0,0.3950838

14,4,0,2,3.719791,1,0.6450285

14,5,0,8,3.733225,0,0.4197204

14,6,2,9,3.666539,1,0.7517769

14,7,0,12,1.946807,0,0.758016

15,0,0,6,2.986595,0,0.3862655

15,1,3,2,1.746649,0,0.3862632

15,2,2,9,4.093347,0,0.584392

15,3,0,9,4.159793,0,0.5898651

15,4,4,11,3.693234,0,0.5547239

15,5,0,3,4.399825,0,0.6345035

15,6,1,5,4.359646,2,0.6746352

15,7,0,11,3.65321,1,0.4734238

16,0,0,2,2.479988,0,0.5833902

16,1,0,12,2.653207,0,0.6031569

16,2,0,5,3.186459,0,0.6172932

16,3,3,2,1.89339,0,0.6000575

16,4,4,11,3.133236,0,0.684963

16,5,1,5,2.466595,0,0.5785851

16,6,2,9,3.106473,1,0.7284071

16,7,0,9,2.453553,0,0.7072749

17,0,2,9,2.533325,1,0.6755707

17,1,4,11,3.973277,0,0.6673452

17,2,0,8,1.973386,0,0.6465997

17,3,3,2,1.813291,0,0.6855174

17,4,0,2,2.973419,0,0.4023088

17,5,0,5,3.49324,0,0.6057155

17,6,0,11,1.826681,0,0.6751307

17,7,1,5,2.97325,0,0.5668662

18,0,1,5,1.960103,0,0.3963205

18,1,0,5,2.679965,0,0.3939347

18,2,0,2,1.986598,0,0.5678111

18,3,4,11,2.933285,0,0.5913627

18,4,3,2,2.039996,0,0.6666779

18,5,2,9,3.506443,0,0.3886477

18,6,0,8,1.693345,0,0.6247262

18,7,0,11,1.306634,0,0.4636688

19,0,3,2,1.546548,0,0.7264573

19,1,0,11,0.9467245,0,0.7289473

19,2,0,9,2.413161,1,0.4695962

19,3,1,5,1.306807,0,0.4052858

19,4,2,9,1.346727,0,0.5794891

19,5,4,11,0.8401398,0,0.6325719

19,6,0,5,3.386611,0,0.6958779

19,7,0,3,3.786398,0,0.5849868

20,0,3,2,2.480016,1,0.3949223

20,1,0,3,3.106604,0,0.640321

20,2,0,8,3.226435,0,0.5878987

20,3,4,11,3.746734,0,0.6548072

20,4,2,9,2.440105,1,0.6448654

20,5,1,5,2.600224,0,0.6205692

20,6,0,12,1.5333,0,0.652923

20,7,0,5,2.413286,0,0.4939042

21,0,0,11,1.506497,0,0.5759302

21,1,1,5,3.66672,0,0.6895751

21,2,0,5,2.239878,0,0.6929917

21,3,4,11,1.773187,0,0.6344911

21,4,3,2,3.519866,0,0.6225184

21,5,0,3,4.733344,1,0.7596195

21,6,2,9,2.906642,1,0.7051393

21,7,0,8,1.26672,0,0.7666718

22,0,0,11,2.999748,0,0.6326043

22,1,1,5,2.186695,0,0.6267396

22,2,0,6,2.839818,0,0.7129699

22,3,0,2,1.759842,0,0.7139372

22,4,4,11,1.373334,0,0.5677388

22,5,0,9,1.306688,0,0.7319329

22,6,2,9,2.813318,0,0.6295253

22,7,3,2,2.226645,0,0.611516

23,0,0,8,1.826507,0,0.6518677

23,1,0,11,4.613227,0,0.6441925

23,2,2,9,1.293299,0,0.5917135

23,3,0,5,1.933301,0,0.6168877

23,4,1,5,2.533248,1,0.3911111

23,5,0,2,3.666557,1,0.4420633

23,6,4,11,1.666777,0,0.6311176

23,7,3,2,2.399962,0,0.6278601

24,0,0,9,2.760098,1,0.597801

24,1,0,3,2.320007,0,0.6491735

24,2,1,5,2.160022,0,0.6423271

24,3,0,11,2.266481,0,0.7047772

24,4,3,2,1.79995,0,0.6587296

24,5,4,11,2.146606,0,0.5923063

24,6,0,6,3.493329,0,0.6936821

24,7,2,9,3.493209,2,0.7258976

25,0,0,8,2.67997,0,0.7193414

25,1,3,2,2.773258,1,0.7180735

25,2,0,12,2.039911,0,0.7082992

25,3,0,2,3.559932,0,0.6569467

25,4,0,5,1.999997,0,0.6695056

25,5,1,5,2.253371,0,0.6587166

25,6,2,9,2.973272,2,0.6732361

25,7,4,11,1.933385,0,0.6216422

26,0,4,11,2.919976,0,0.6208091

26,1,0,3,2.346605,0,0.4753245

26,2,1,5,1.946602,0,0.6628488

26,3,0,5,2.373312,0,0.5061787

26,4,0,11,1.573331,0,0.579963

26,5,2,9,1.319955,0,0.7435508

26,6,0,8,1.38679,0,0.6232357

26,7,3,2,1.866794,0,0.622114

27,0,0,2,2.453282,0,0.65258

27,1,2,9,2.359926,0,0.6357461

27,2,3,2,1.599927,0,0.6261777

27,3,0,8,1.81342,0,0.7182157

27,4,1,5,3.866641,0,0.5910657

27,5,4,11,1.173206,0,0.7103378

27,6,0,11,1.800024,0,0.7099944

27,7,0,6,3.786521,0,0.6711645

28,0,3,2,1.853515,0,0.6285816

28,1,4,11,2.386621,0,0.6783738

28,2,1,5,1.773369,0,0.5518497

28,3,0,11,1.319902,0,0.67676

28,4,0,8,3.413408,0,0.6078107

28,5,0,5,1.719952,0,0.6204863

28,6,2,9,1.200045,0,0.7457941

28,7,0,2,1.800004,0,0.4381719

29,0,2,9,1.400028,0,0.6860294

29,1,0,9,1.799955,0,0.5616958

29,2,4,11,3.133183,0,0.5887756

29,3,0,2,2.506681,1,0.5848433

29,4,0,12,2.586442,0,0.6098047

29,5,1,5,5.773192,0,0.5678022

29,6,3,2,1.400149,0,0.7007327

29,7,0,5,2.439801,0,0.6800183

30,0,0,5,6.786342,3,0.6811079

30,1,2,9,1.546654,0,0.7448578

30,2,3,2,1.413391,0,0.691135

30,3,0,2,3.55991,1,0.6937683

30,4,0,8,1.080137,0,0.7640588

30,5,4,11,3.239979,0,0.5646198

30,6,1,5,2.373455,0,0.5341355

30,7,0,11,3.8399,0,0.5766926

31,0,2,9,1.41331,0,0.7361265

31,1,3,2,2.080032,0,0.5725087

31,2,0,5,3.413052,1,0.6574948

31,3,1,5,3.573257,0,0.6571002

31,4,0,9,2.386663,1,0.6431535

31,5,0,12,3.293275,0,0.6237697

31,6,0,2,2.386698,0,0.7493137

31,7,4,11,3.266577,0,0.5090523

32,0,2,9,1.13353,0,0.6442251

32,1,0,12,3.306683,0,0.600947

32,2,0,8,1.093309,0,0.3928663

32,3,0,2,2.119889,1,0.6506161

32,4,4,11,2.959748,0,0.5556373

32,5,1,5,2.199951,0,0.5481019

32,6,0,6,3.533304,1,0.5824861

32,7,3,2,1.719887,0,0.7120033

33,0,2,9,1.200067,0,0.701876

33,1,4,11,1.146666,0,0.541869

33,2,0,12,2.879952,0,0.7709507

33,3,0,2,1.666695,0,0.3925711

33,4,3,2,1.453444,0,0.6690068

33,5,1,5,2.466573,1,0.712207

33,6,0,8,2.066493,0,0.668393

33,7,0,5,2.973072,1,0.6186164

34,0,1,5,4.173368,0,0.6702083

34,1,4,11,1.733375,0,0.569584

34,2,0,6,4.346535,0,0.6757979

34,3,0,8,1.826694,0,0.6180521

34,4,2,9,4.146697,0,0.7112668

34,5,0,12,3.266556,0,0.7303812

34,6,3,2,3.799935,0,0.5791448

34,7,0,3,3.893295,1,0.685548

35,0,0,8,0.8398624,0,0.5889729

35,1,0,3,4.439847,0,0.659373

35,2,2,9,1.506716,0,0.7464866

35,3,3,2,3.639932,0,0.499377

35,4,4,11,3.01326,0,0.6189823

35,5,0,11,3.106562,0,0.6406875

35,6,1,5,3.359897,1,0.6111836

35,7,0,6,3.093064,0,0.6701268

36,0,1,5,3.146625,1,0.5352756

36,1,0,12,5.213372,0,0.4365888

36,2,0,8,2.293401,0,0.7287903

36,3,2,9,2.066605,0,0.7226981

36,4,0,5,3.333463,1,0.6352807

36,5,0,2,1.960065,0,0.4859421

36,6,4,11,8.439833,1,0.3876116

36,7,3,2,1.813351,0,0.640752

37,0,0,12,3.91984,0,0.7532126

37,1,0,8,1.733261,0,0.5544211

37,2,3,2,1.333611,0,0.6374733

37,3,1,5,2.013338,0,0.6835247

37,4,0,2,3.093273,1,0.7377612

37,5,2,9,1.133526,0,0.7469305

37,6,0,5,2.693268,0,0.6782364

37,7,4,11,6.333081,0,0.5720232

38,0,0,6,3.413109,1,0.6627784

38,1,0,8,2.800001,0,0.5664292

38,2,1,5,9.94626,0,0.6504972

38,3,4,11,2.373242,0,0.5588496

38,4,3,2,1.586576,0,0.6682042

38,5,0,12,3.133285,1,0.4015248

38,6,0,3,2.360012,0,0.6814522

38,7,2,9,1.519997,0,0.6900299

39,0,0,11,1.093485,0,0.6523935

39,1,1,5,2.146715,0,0.6569053

39,2,0,2,2.599865,0,0.7241076

39,3,2,9,1.799963,0,0.7166976

39,4,0,6,4.213193,0,0.6230274

39,5,0,8,1.160012,0,0.7553479

39,6,3,2,2.306624,0,0.6313109

39,7,4,11,2.133262,0,0.5573456

40,0,0,8,1.026675,0,0.5808247

40,1,0,11,0.9065299,0,0.7679427

40,2,2,9,2.453159,0,0.5253038

40,3,3,2,6.773205,5,0.7363071

40,4,4,11,4.479933,0,0.4391269

40,5,1,5,4.559884,0,0.683253

40,6,0,5,3.21332,0,0.4851246

40,7,0,2,5.800025,2,0.4048974

41,0,3,2,2.413309,0,0.747088

41,1,0,2,2.213372,0,0.5645024

41,2,0,9,2.333259,1,0.7055547

41,3,0,11,3.293262,0,0.6822336

41,4,4,11,2.51996,0,0.6044433

41,5,2,9,2.106508,1,0.6828368

41,6,0,5,2.319777,0,0.6846216

41,7,1,5,2.946741,0,0.626729

42,0,0,12,4.146449,0,0.6707112

42,1,3,2,1.840034,0,0.7310041

42,2,2,9,1.600232,0,0.6610058

42,3,4,11,3.240088,0,0.5556499

42,4,1,5,3.319813,0,0.6097305

42,5,0,2,2.120025,0,0.6669665

42,6,0,5,3.039976,0,0.5542244

42,7,0,9,2.800035,0,0.4754865

43,0,1,5,2.279917,0,0.682556

43,1,3,2,1.946861,0,0.7331365

43,2,2,9,1.62669,0,0.6158363

43,3,0,2,2.866574,0,0.5927409

43,4,0,9,1.679971,0,0.4940032

43,5,0,11,3.42659,0,0.6407895

43,6,4,11,1.20002,0,0.6553617

43,7,0,6,4.239754,0,0.4873831

44,0,4,11,1.733323,0,0.6902215

44,1,3,2,2.813433,0,0.7054835

44,2,0,11,4.973208,0,0.5944048

44,3,2,9,3.933193,0,0.5488727

44,4,0,8,1.94659,0,0.7453644

44,5,1,5,4.613191,0,0.5567651

44,6,0,3,4.293259,0,0.6547161

44,7,0,5,8.946408,0,0.7482219

45,0,0,12,6.999748,0,19.95597

45,1,4,11,3.15995,0,0.6100809

45,2,0,8,7.159733,0,0.6240619

45,3,1,5,5.932948,0,19.94134

45,4,0,5,13.58633,0,19.9499

45,5,3,2,4.666728,0,0.4166154

45,6,2,9,5.986622,0,0.7398087

45,7,0,3,6.959861,0,19.95597

46,0,0,12,6.359748,0,19.95597

46,1,4,11,7.946587,0,0.5574564

46,2,0,8,7.719742,0,19.9499

46,3,1,5,1.920024,0,19.94134

46,4,0,5,4.893248,0,19.9499

46,5,3,2,9.132999,0,0.6713932

46,6,2,9,4.200106,0,0.6658407

46,7,0,3,4.906662,0,19.95597

47,0,0,12,4.533337,0,19.95597

47,1,4,11,4.666313,0,0.649055

47,2,0,8,12.906,0,0.4304706

47,3,1,5,10.79975,0,19.94134

47,4,0,5,6.012985,0,19.9499

47,5,3,2,1.546682,0,0.6522961

47,6,2,9,2.706391,0,0.711741

47,7,0,3,6.33314,0,19.95597

48,0,0,12,4.239877,0,0.6457234

48,1,4,11,3.960032,0,0.6436195

48,2,0,8,4.306725,0,0.5547859

48,3,1,5,3.306373,0,19.94134

48,4,0,5,4.053225,0,19.9499

48,5,3,2,0.986874,0,0.6078736

48,6,2,9,3.346536,0,19.95597

48,7,0,3,5.466353,0,19.95597

