1,0,0,3,3.586707,0,0.6637945

1,1,4,12,4.439746,0,0.6905581

1,2,3,9,3.799966,0,0.7056993

1,3,0,8,3.480049,0,0.7039784

1,4,1,6,5.706536,0,0.7490264

1,5,2,2,3.186579,0,0.7251655

1,6,0,11,4.066505,0,0.6193447

1,7,0,5,5.919828,1,0.3864901

2,0,2,2,2.386594,0,0.7494482

2,1,0,12,4.279837,0,0.5754656

2,2,0,5,5.173211,0,0.5715603

2,3,0,8,3.066584,0,0.4037744

2,4,1,6,5.71989,0,0.7669762

2,5,0,2,2.21331,0,0.3896449

2,6,3,9,2.919945,0,0.7083492

2,7,4,12,3.933114,0,0.6402538

3,0,0,6,5.093033,0,0.6454495

3,1,2,2,2.173246,0,0.7255267

3,2,0,11,4.186462,0,0.6384506

3,3,0,9,3.013294,0,0.679013

3,4,3,9,2.973268,0,0.7154869

3,5,4,12,4.426772,0,0.6888824

3,6,0,3,2.066702,0,0.6037898

3,7,1,6,5.359812,0,0.7386804

4,0,1,6,5.399731,0,0.7583785

4,1,0,8,2.413395,0,0.4277644

4,2,0,2,1.799917,0,0.4319796

4,3,4,12,3.866373,0,0.7103896

4,4,0,11,4.813183,0,0.6456521

4,5,2,2,2.720001,0,0.6998251

4,6,3,9,2.986458,0,0.6791415

4,7,0,6,4.093328,0,0.6736367

5,0,4,12,3.653256,0,0.606932

5,1,0,9,2.880008,0,0.3899412

5,2,0,11,3.159901,0,0.6360308

5,3,1,6,3.746524,0,0.7319162

5,4,2,2,2.333113,1,0.7379145

5,5,0,5,3.933101,0,0.6610662

5,6,3,9,2.266596,0,0.6977186

5,7,0,2,1.426821,0,0.3912216

6,0,4,12,2.826626,1,0.7503895

6,1,1,6,3.573217,0,0.7415281

6,2,0,9,2.253394,0,0.6818874

6,3,2,2,1.746689,0,0.6570591

6,4,0,11,3.333456,0,0.6639296

6,5,0,5,3.493237,0,0.387274

6,6,3,9,2.013393,0,0.6945894

6,7,0,2,2.239949,0,0.5175788

7,0,0,9,2.079805,0,0.6211628

7,1,3,9,1.826589,0,0.698568

7,2,1,6,3.853284,0,0.6922027

7,3,0,12,3.000005,0,0.6154919

7,4,0,5,3.866659,0,0.6971363

7,5,2,2,2.19991,1,0.7566468

7,6,4,12,3.213414,0,0.7147096

7,7,0,3,1.493485,0,0.392404

8,0,0,2,1.253299,0,0.7020198

8,1,3,9,2.040005,0,0.7290164

8,2,2,2,1.493309,0,0.7020229

8,3,0,9,2.559925,0,0.6129051

8,4,4,12,2.906451,0,0.732756

8,5,0,12,2.933268,0,0.6152527

8,6,0,6,4.186707,1,0.6398074

8,7,1,6,5.999718,0,0.7534416

9,0,1,6,4.479885,1,0.7546669

9,1,0,6,4.386564,1,0.6761792

9,2,0,2,1.999946,0,0.5614711

9,3,0,9,1.866696,0,0.566066

9,4,0,11,2.853243,0,0.5864853

9,5,3,9,2.159986,0,0.6947052

9,6,4,12,2.57332,0,0.7329854

9,7,2,2,1.986403,1,0.7334309

10,0,2,2,1.493181,0,0.6723663

10,1,3,9,1.959761,0,0.7243679

10,2,0,2,6.279739,0,0.5556893

10,3,0,8,2.386792,0,0.3896376

10,4,4,12,3.18654,0,0.7129697

10,5,0,11,3.75983,0,0.4141542

10,6,1,6,4.573184,0,0.7544121

10,7,0,5,4.426459,0,0.6650146

11,0,3,9,2.346587,0,0.6983427

11,1,0,8,2.466603,0,0.6475375

11,2,0,5,7.093104,0,0.6366205

11,3,0,11,3.706455,0,0.3862496

11,4,2,2,2.693213,1,0.7252684

11,5,1,6,4.79984,0,0.755521

11,6,0,2,2.33328,0,0.4350659

11,7,4,12,3.413141,0,0.714434

12,0,2,2,2.426541,1,0.7310519

12,1,3,9,2.586673,0,0.6614603

12,2,4,12,3.253199,0,0.7380955

12,3,0,11,3.333205,0,0.6340855

12,4,1,6,4.159937,0,0.7569479

12,5,0,3,1.8665,0,0.5496994

12,6,0,8,2.719861,0,0.666827

12,7,0,5,4.159855,0,0.7563716

13,0,2,2,1.493358,0,0.6383237

13,1,4,12,2.599887,0,0.590544

13,2,0,11,2.266517,0,0.4732351

13,3,0,2,1.719867,0,0.6654495

13,4,3,9,2.066589,0,0.6734273

13,5,1,6,3.653207,0,0.7553674

13,6,0,8,2.133287,0,0.7429913

13,7,0,5,4.719994,0,0.6755847

14,0,4,12,3.493376,0,0.7278399

14,1,0,11,3.279969,0,0.5917789

14,2,0,5,3.706415,0,0.5983574

14,3,1,6,3.800022,0,0.7369192

14,4,3,9,2.493234,0,0.6844841

14,5,0,2,2.106473,1,0.5614288

14,6,2,2,1.919997,0,0.7409202

14,7,0,8,2.119794,0,0.7389434

15,0,0,11,3.280078,0,0.6114023

15,1,0,8,2.55993,0,0.7066274

15,2,0,5,4.066578,0,0.6037877

15,3,4,12,3.079993,0,0.7025986

15,4,3,9,2.120006,0,0.685816

15,5,0,2,1.759925,0,0.5120254

15,6,1,6,3.973159,0,0.7611815

15,7,2,2,1.45318,0,0.6939943

16,0,3,9,2.173167,0,0.713906

16,1,1,6,4.05331,0,0.7587927

16,2,4,12,3.15992,0,0.7355109

16,3,0,2,1.333148,0,0.6045702

16,4,0,12,3.146561,0,0.3882692

16,5,0,8,2.2666,0,0.7291971

16,6,0,6,2.706692,0,0.659138

16,7,2,2,1.800002,0,0.7457027

17,0,0,8,2.373491,0,0.6829714

17,1,1,6,3.546861,0,0.6852189

17,2,0,5,3.959908,0,0.5239834

17,3,0,12,3.066514,0,0.643487

17,4,3,9,2.160117,0,0.6622549

17,5,2,2,1.973015,1,0.7172923

17,6,4,12,3.813349,0,0.7600861

17,7,0,3,1.853307,0,0.436492

18,0,0,11,3.946824,0,0.5707566

18,1,1,6,3.893186,0,0.76307

18,2,0,5,3.879776,0,0.5952552

18,3,4,12,3.519905,0,0.7115918

18,4,0,9,2.386669,0,0.5577374

18,5,3,9,2.786547,0,0.6769132

18,6,2,2,1.826617,0,0.69911

18,7,0,2,1.146644,0,0.7022341

19,0,0,6,4.639869,0,0.6738686

19,1,2,2,1.559957,0,0.72483

19,2,0,11,3.919856,0,0.4272604

19,3,0,3,1.879889,0,0.7231528

19,4,3,9,2.733397,0,0.7229847

19,5,0,8,2.106677,0,0.6609278

19,6,4,12,3.399936,0,0.7486786

19,7,1,6,4.386526,0,0.7492493

20,0,2,2,1.586722,0,0.7331712

20,1,0,8,2.026635,0,0.7378697

20,2,0,5,3.839954,0,0.4111188

20,3,0,3,1.679836,0,0.5972746

20,4,1,6,4.519947,0,0.7569642

20,5,0,12,3.14657,0,0.7131137

20,6,3,9,2.119985,0,0.7407531

20,7,4,12,3.319911,0,0.7121794

21,0,0,6,3.959829,0,0.7436383

21,1,1,6,3.626629,0,0.7478931

21,2,0,11,2.839837,0,0.6602024

21,3,2,2,1.720075,0,0.6516983

21,4,3,9,2.559854,0,0.6852838

21,5,0,2,2.279973,0,0.679269

21,6,4,12,4.293228,1,0.7032931

21,7,0,8,2.15989,0,0.4775582

22,0,0,5,5.079896,0,0.4362575

22,1,2,2,1.973214,0,0.6940704

22,2,3,9,2.7202,0,0.7152371

22,3,0,9,2.64008,0,0.6452527

22,4,0,3,1.853419,0,0.3896818

22,5,4,12,3.573159,0,0.6133862

22,6,0,12,3.119797,0,0.7310713

22,7,1,6,4.639885,0,0.7413957

23,0,0,5,4.42653,0,0.5218802

23,1,0,2,1.666675,0,0.7046074

23,2,3,9,2.706591,0,0.649509

23,3,0,8,2.359968,0,0.4974882

23,4,0,11,3.719844,0,0.5623593

23,5,4,12,4.053231,1,0.6907095

23,6,1,6,4.879809,1,0.7480453

23,7,2,2,1.986678,0,0.6903255

24,0,0,2,1.720024,0,0.7297338

24,1,3,9,2.573278,0,0.6970639

24,2,1,6,3.866587,0,0.7519364

24,3,0,11,2.973513,0,0.5508304

24,4,0,8,2.586732,0,0.6971108

24,5,0,5,3.706487,0,0.5512393

24,6,2,2,1.853225,0,0.7186798

24,7,4,12,3.533277,0,0.6623185

25,0,0,2,1.55987,0,0.4015919

25,1,4,12,3.133303,0,0.6934721

25,2,1,6,3.559815,0,0.7553371

25,3,0,12,2.959805,0,0.6119062

25,4,0,8,2.026577,0,0.5999923

25,5,0,6,3.666499,0,0.6331729

25,6,3,9,2.453187,0,0.6860762

25,7,2,2,1.226713,0,0.6337366

26,0,0,11,3.493135,0,0.4051349

26,1,2,2,1.986776,1,0.6981358

26,2,0,8,2.480006,0,0.5725596

26,3,3,9,3.133347,1,0.6697691

26,4,0,6,4.626591,0,0.4737229

26,5,4,12,3.933278,0,0.6953908

26,6,0,3,1.959956,0,0.6408861

26,7,1,6,4.186622,0,0.7404912

27,0,3,9,2.97329,0,0.6782535

27,1,0,3,2.013291,0,0.7307797

27,2,4,12,3.546518,0,0.6352859

27,3,1,6,3.933228,0,0.7591196

27,4,0,11,3.000024,0,0.6472421

27,5,0,8,2.373315,0,0.7229245

27,6,2,2,1.946846,0,0.7199836

27,7,0,5,4.026748,0,0.6142403

28,0,1,6,4.346554,0,0.745906

28,1,4,12,3.573463,0,0.7227528

28,2,0,5,5.373146,2,0.6909045

28,3,0,11,4.159841,0,0.7317151

28,4,2,2,2.013191,0,0.6974475

28,5,3,9,2.413461,0,0.6380086

28,6,0,3,6.479989,0,0.5999886

28,7,0,8,2.813282,0,0.6985052

29,0,0,3,2.053322,1,0.6365679

29,1,0,12,2.613243,0,0.7117149

29,2,0,8,1.626685,0,0.6316671

29,3,0,5,3.253434,0,0.4664178

29,4,3,9,1.800214,0,0.6795402

29,5,4,12,2.159697,0,0.7672915

29,6,2,2,1.439972,1,0.6917737

29,7,1,6,2.906719,0,0.7662721

30,0,1,6,3.226609,0,0.7687173

30,1,4,12,2.959955,0,0.695717

30,2,0,9,2.026654,0,0.7626545

30,3,0,5,2.9601,0,0.4046743

30,4,0,11,2.573165,0,0.3865974

30,5,2,2,1.399845,1,0.6697571

30,6,3,9,1.586609,0,0.7393052

30,7,0,3,1.266441,0,0.5383054

31,0,1,6,3.306597,0,0.7460623

31,1,2,2,1.440105,0,0.6703632

31,2,0,8,1.546808,0,0.7179478

31,3,3,9,1.520073,0,0.6994972

31,4,0,5,3.013414,0,0.7139158

31,5,4,12,2.253197,0,0.766402

31,6,0,2,0.8933906,0,0.4010799

31,7,0,11,2.426579,0,0.5050499

32,0,3,9,1.573274,0,0.7276004

32,1,0,6,3.719996,1,0.6126246

32,2,1,6,2.933332,0,0.7646188

32,3,0,9,2.746466,0,0.6470712

32,4,2,2,1.626675,1,0.7114129

32,5,0,11,2.413276,0,0.7585516

32,6,4,12,2.386691,0,0.764801

32,7,0,2,1.266653,0,0.6314108

33,0,4,12,2.186392,0,0.7082287

33,1,0,9,1.480058,0,0.7189119

33,2,0,2,1.186642,0,0.5626707

33,3,0,5,3.173336,0,0.5263143

33,4,1,6,3.199824,1,0.7671012

33,5,0,11,2.559872,0,0.5846769

33,6,2,2,1.599913,1,0.6745975

33,7,3,9,1.773429,0,0.6607492

34,0,0,9,2.133209,0,0.4852218

34,1,3,9,1.733364,0,0.6928017

34,2,2,2,1.119815,0,0.6836048

34,3,0,11,2.573046,0,0.6047619

34,4,1,6,3.093211,0,0.7679821

34,5,0,2,1.359988,0,0.4115846

34,6,4,12,2.386504,0,0.7628236

34,7,0,5,3.133189,0,0.4903903

35,0,0,8,1.719896,0,0.7544761

35,1,0,2,1.62678,0,0.5057955

35,2,0,5,3.213285,0,0.5513591

35,3,2,2,1.280044,0,0.6857235

35,4,0,11,2.906814,0,0.455149

35,5,1,6,3.293274,1,0.7522847

35,6,3,9,1.866652,0,0.6974927

35,7,4,12,2.586582,0,0.7472726

36,0,1,6,3.173123,0,0.7681723

36,1,0,8,2.573324,0,0.6995326

36,2,3,9,2.173221,0,0.6594829

36,3,4,12,2.679869,0,0.7554656

36,4,0,12,2.759942,0,0.3966615

36,5,0,3,1.573316,0,0.6819603

36,6,0,6,3.359851,0,0.6017724

36,7,2,2,2.02651,1,0.6899082

37,0,0,5,3.533167,0,0.5757924

37,1,3,9,1.800207,0,0.6728375

37,2,2,2,1.293339,0,0.6807002

37,3,0,3,1.280102,0,0.7234636

37,4,0,9,1.88015,0,0.6194

37,5,1,6,3.146536,0,0.7687449

37,6,0,12,2.479786,0,0.6140617

37,7,4,12,2.280046,0,0.766582

38,0,2,2,1.106688,0,0.6562706

38,1,0,6,3.239867,0,0.641661

38,2,0,3,1.880031,1,0.7270647

38,3,3,9,2.13324,0,0.726607

38,4,4,12,2.466829,0,0.7621185

38,5,0,8,1.560069,0,0.5597109

38,6,1,6,2.973263,0,0.7460973

38,7,0,11,2.293453,0,0.7536989

39,0,3,9,1.786862,0,0.6610543

39,1,0,8,1.960086,0,0.4910425

39,2,1,6,3.22653,0,0.7694246

39,3,0,6,3.853304,1,0.7011386

39,4,4,12,3.493187,0,0.7004436

39,5,2,2,2.200111,1,0.6945806

39,6,0,2,1.599912,0,0.3889613

39,7,0,11,2.640089,0,0.632499

40,0,1,6,3.453223,0,0.7620924

40,1,0,5,3.453074,0,0.5568643

40,2,2,2,1.853308,1,0.7053732

40,3,4,12,2.826607,0,0.7573676

40,4,3,9,2.266631,0,0.6976429

40,5,0,8,2.066604,0,0.3907811

40,6,0,3,1.613089,0,0.4917413

40,7,0,12,2.786573,0,0.6446889

41,0,3,9,1.613133,0,0.7109758

41,1,0,12,2.89341,0,0.3873726

41,2,1,6,3.159974,0,0.7689095

41,3,2,2,1.559998,0,0.7202429

41,4,0,5,3.040155,0,0.6851574

41,5,0,8,5.333355,0,0.6918241

41,6,0,3,1.266619,1,0.6181118

41,7,4,12,2.573277,0,0.7639121

42,0,3,9,1.799903,0,0.6604379

42,1,0,2,1.346698,0,0.4122913

42,2,0,12,2.586695,0,0.6257049

42,3,0,9,1.893305,0,0.7554019

42,4,4,12,2.599916,0,0.766133

42,5,2,2,1.373489,0,0.6593962

42,6,1,6,2.959826,0,0.7699004

42,7,0,5,3.320102,0,0.3893639

43,0,0,2,1.293526,0,0.4079541

43,1,2,2,1.786613,1,0.6896459

43,2,0,8,2.253262,0,0.7354882

43,3,0,11,3.400003,0,0.6609987

43,4,0,5,3.280031,0,0.6467796

43,5,1,6,3.893014,1,0.7424445

43,6,3,9,2.213309,0,0.6909778

43,7,4,12,2.813302,0,0.7345623

44,0,0,8,2.533125,0,0.7120079

44,1,1,6,3.599953,0,0.7669093

44,2,0,6,4.026515,0,0.3950776

44,3,2,2,1.426613,0,0.709858

44,4,0,2,1.413328,1,0.6833727

44,5,4,12,2.666565,0,0.7697589

44,6,0,11,3.066608,0,0.40319

44,7,3,9,2.133226,0,0.6994462

45,0,0,11,6.373098,0,19.9499

45,1,4,12,4.306473,0,0.6498588

45,2,3,9,5.839787,0,19.95597

45,3,2,2,5.106338,0,19.94134

45,4,0,5,9.719797,0,0.6664846

45,5,0,3,3.239934,0,19.95597

45,6,1,6,4.493414,0,19.95597

45,7,0,9,1.559987,0,19.95597

46,0,0,11,1.386534,0,19.9499

46,1,4,12,1.973339,0,19.95597

46,2,3,9,1.826625,0,19.95597

46,3,2,2,2.399749,0,19.94134

46,4,0,5,4.426523,0,19.94134

46,5,0,3,3.319966,0,19.95597

46,6,1,6,3.013288,0,19.95597

46,7,0,9,3.573347,0,19.95597

47,0,0,11,4.746739,0,19.9499

47,1,4,12,3.919656,0,19.95597

47,2,3,9,2.293253,0,19.95597

47,3,2,2,0.7866222,0,19.94134

47,4,0,5,1.46659,0,0.6739634

47,5,0,3,1.306753,0,19.95597

47,6,1,6,1.319985,0,19.95597

47,7,0,9,1.29325,0,19.95597

48,0,0,11,0.9999932,0,19.9499

48,1,4,12,1.440124,0,19.95597

48,2,3,9,1.080028,0,19.95597

48,3,2,2,1.053372,0,19.94134

48,4,0,5,1.559869,0,19.94134

48,5,0,3,1.559951,0,19.95597

48,6,1,6,2.093321,0,19.95597

48,7,0,9,2.773124,0,19.95597

