1,0,0,6,7.879716,2,0.746367

1,1,3,8,4.066515,0,0.546532

1,2,0,11,2.400007,0,0.6719944

1,3,0,2,3.466427,0,0.5806585

1,4,0,9,5.920033,0,0.6812637

1,5,4,11,5.466362,0,0.554367

1,6,1,6,5.146649,2,0.7257298

1,7,2,2,5.253374,0,0.4380217

2,0,3,8,3.239933,0,0.5818968

2,1,0,5,1.706579,0,0.7485598

2,2,2,2,5.919719,1,0.3862686

2,3,0,8,3.226605,0,0.6519059

2,4,0,3,4.946597,0,0.4732025

2,5,0,12,8.399695,1,0.5732589

2,6,1,6,5.466655,2,0.6481023

2,7,4,11,5.49332,0,0.440994

3,0,0,5,4.079714,0,0.756997

3,1,2,2,5.253094,0,0.6275821

3,2,1,6,7.27981,2,0.6508197

3,3,4,11,4.053286,0,0.6325406

3,4,3,8,3.133289,0,0.7336257

3,5,0,8,3.919892,0,0.6805393

3,6,0,11,4.306397,0,0.451518

3,7,0,3,4.546764,2,0.6277242

4,0,4,11,4.493164,0,0.5385436

4,1,0,3,2.61349,0,0.700966

4,2,0,8,2.520162,0,0.3881379

4,3,3,8,4.386761,1,0.5644611

4,4,0,11,4.146515,0,0.6685929

4,5,0,5,5.693195,0,0.7099463

4,6,1,6,3.919765,0,0.6925957

4,7,2,2,8.61292,0,0.5765865

5,0,0,2,2.6265,0,0.4188944

5,1,1,6,4.9731,1,0.6040413

5,2,0,11,6.226391,0,0.5834337

5,3,4,11,3.87992,0,0.6407052

5,4,0,9,2.773405,0,0.586041

5,5,0,6,3.040034,0,0.5023494

5,6,3,8,3.519878,0,0.4104333

5,7,2,2,3.306623,0,0.5736151

6,0,1,6,5.279703,0,0.7028907

6,1,2,2,6.506668,1,0.5154974

6,2,3,8,3.973232,0,0.5760391

6,3,4,11,3.426598,0,0.6020413

6,4,0,9,5.746547,1,0.3865405

6,5,0,2,6.239991,1,0.4617486

6,6,0,11,3.986642,0,0.6014395

6,7,0,5,3.466514,0,0.6261137

7,0,4,11,3.640127,0,0.6517926

7,1,2,2,4.653231,0,0.5001043

7,2,1,6,4.826457,1,0.7291723

7,3,0,12,2.826516,0,0.6163227

7,4,0,6,3.746809,0,0.7607914

7,5,3,8,4.373279,0,0.6630487

7,6,0,3,3.133245,0,0.6115458

7,7,0,8,3.533143,0,0.573569

8,0,0,3,3.813424,0,0.6317664

8,1,0,12,2.279907,0,0.6920956

8,2,1,6,2.293114,0,0.6574424

8,3,3,8,3.706677,0,0.6928988

8,4,0,8,2.68001,0,0.6891176

8,5,4,11,2.333339,0,0.6423646

8,6,0,5,1.73333,0,0.7276912

8,7,2,2,6.213079,1,0.5983544

9,0,2,2,4.146392,0,0.4345865

9,1,3,8,3.919942,0,0.6728685

9,2,1,6,2.639901,0,0.6866657

9,3,0,12,2.973276,0,0.7439502

9,4,4,11,2.173289,0,0.629266

9,5,0,8,3.053112,0,0.6691933

9,6,0,6,3.813265,0,0.6602291

9,7,0,2,4.573183,1,0.7310191

10,0,0,12,2.053292,0,0.4143749

10,1,0,9,5.239903,1,0.6727769

10,2,0,5,4.106643,0,0.6533453

10,3,4,11,2.146832,0,0.7535512

10,4,0,2,4.760006,0,0.6502279

10,5,2,2,5.719947,1,0.6583817

10,6,1,6,2.240151,0,0.6892548

10,7,3,8,3.479945,0,0.7051442

11,0,2,2,4.49322,0,0.5554031

11,1,3,8,4.826757,0,0.6906868

11,2,1,6,5.333287,2,0.7316878

11,3,0,12,2.599981,0,0.6636758

11,4,0,5,2.573384,0,0.5158311

11,5,4,11,2.933102,0,0.596709

11,6,0,8,4.373448,0,0.6776078

11,7,0,2,3.466584,0,0.6640292

12,0,0,8,3.79973,0,0.7085544

12,1,3,8,3.026565,0,0.6679856

12,2,1,6,3.49316,0,0.6842961

12,3,0,12,7.266438,1,0.4489637

12,4,4,11,2.066533,0,0.5758848

12,5,0,5,1.733381,0,0.4055526

12,6,2,2,6.706453,1,0.5652426

12,7,0,2,2.653191,0,0.5507932

13,0,3,8,3.29339,0,0.6128564

13,1,1,6,2.333054,0,0.6064917

13,2,0,8,3.986646,0,0.4725506

13,3,0,11,3.799999,0,0.4959573

13,4,2,2,4.959925,0,0.3871396

13,5,0,5,3.853271,0,0.6782039

13,6,4,11,3.759927,0,0.7040675

13,7,0,2,3.95987,0,0.5625161

14,0,0,2,37.38542,0,0.6281148

14,1,4,11,2.013309,0,0.6352261

14,2,2,2,2.186828,0,0.4799453

14,3,3,8,4.373184,0,0.6747193

14,4,0,5,3.773186,1,0.7548509

14,5,1,6,1.720248,0,0.6111714

14,6,0,9,4.119897,0,0.3912252

14,7,0,11,1.919842,0,0.6513411

15,0,0,11,1.986655,0,0.5529787

15,1,0,5,1.586734,0,0.6428458

15,2,1,6,2.439936,1,0.6506463

15,3,2,2,3.906687,0,0.4047363

15,4,0,9,2.146665,0,0.6464673

15,5,4,11,3.759914,0,0.5576234

15,6,3,8,3.360052,0,0.7007989

15,7,0,2,2.106693,0,0.6536027

16,0,0,6,3.346456,0,0.5892656

16,1,2,2,4.026673,0,0.5810733

16,2,3,8,5.533219,3,0.5851591

16,3,1,6,1.42677,0,0.7187321

16,4,4,11,1.893378,0,0.5785024

16,5,0,3,2.786555,0,0.5605837

16,6,0,9,4.119908,0,0.6461884

16,7,0,12,3.279972,0,0.4107137

17,0,4,11,1.77336,0,0.6098274

17,1,0,2,3.626523,0,0.3893409

17,2,3,8,2.573331,0,0.4804638

17,3,0,11,3.359946,0,0.7434995

17,4,0,6,2.079985,0,0.759716

17,5,1,6,3.13323,1,0.6398329

17,6,0,9,4.426747,0,0.6504591

17,7,2,2,5.82668,0,0.3865268

18,0,3,8,3.746506,0,0.6688681

18,1,1,6,3.853269,0,0.6255141

18,2,0,12,2.746563,0,0.3871574

18,3,4,11,3.12008,0,0.6442195

18,4,0,8,3.18655,0,0.6275328

18,5,0,2,2.013162,0,0.5702509

18,6,0,5,3.399918,0,0.4235705

18,7,2,2,3.826527,0,0.5467193

19,0,0,12,2.199968,0,0.4794169

19,1,1,6,3.533242,0,0.6471404

19,2,0,2,3.559974,1,0.7000505

19,3,4,11,2.066571,0,0.6336008

19,4,0,9,3.34665,0,0.4358068

19,5,0,6,4.413213,0,0.6765516

19,6,3,8,3.479942,0,0.619857

19,7,2,2,3.799908,1,0.5514349

20,0,0,12,4.760131,0,0.6024885

20,1,0,2,4.57324,0,0.7012705

20,2,0,6,3.99995,0,0.568296

20,3,3,8,2.933186,0,0.6773608

20,4,0,9,3.186591,0,0.7116942

20,5,2,2,3.879937,0,0.451967

20,6,4,11,2.799986,0,0.6295528

20,7,1,6,5.053178,1,0.6902928

21,0,0,12,2.480012,0,0.5540224

21,1,2,2,3.626531,0,0.4814443

21,2,3,8,3.97316,0,0.5608134

21,3,0,5,2.119877,0,0.6523731

21,4,4,11,3.986639,0,0.6488709

21,5,0,2,5.319877,0,0.6961346

21,6,0,8,4.800052,0,0.5487049

21,7,1,6,5.853118,1,0.6806049

22,0,0,5,2.186472,0,0.6120213

22,1,3,8,3.426517,0,0.6315969

22,2,0,11,3.586496,0,0.6035717

22,3,4,11,1.946646,0,0.637408

22,4,0,2,4.42644,0,0.7396765

22,5,2,2,2.5599,0,0.4929681

22,6,1,6,38.42521,2,0.6661763

22,7,0,9,3.279955,0,0.5449728

23,0,4,11,3.706496,0,0.677976

23,1,2,2,4.506676,1,0.561372

23,2,0,12,1.813253,0,0.5847493

23,3,0,6,2.813288,1,0.6121897

23,4,3,8,3.013269,0,0.653888

23,5,1,6,1.333422,0,0.6606365

23,6,0,8,3.013385,0,0.636324

23,7,0,2,2.000139,0,0.4424411

24,0,0,12,3.319985,0,0.6704322

24,1,0,9,3.466692,0,0.7249217

24,2,1,6,4.719858,1,0.628646

24,3,2,2,3.66662,0,0.5672188

24,4,3,8,3.626485,0,0.4609363

24,5,0,5,3.333329,0,0.5602943

24,6,0,2,2.093256,1,0.5182632

24,7,4,11,2.386681,0,0.6134386

25,0,0,11,1.306763,0,0.7675876

25,1,2,2,5.506544,1,0.4832394

25,2,0,6,1.253419,0,0.5741099

25,3,1,6,1.479852,0,0.715703

25,4,0,3,3.066661,0,0.6479422

25,5,0,8,2.186726,0,0.443691

25,6,4,11,3.173414,0,0.5256803

25,7,3,8,2.760009,0,0.6068846

26,0,0,5,1.066617,0,0.6228612

26,1,3,8,2.186675,0,0.553624

26,2,2,2,3.786463,0,0.3862861

26,3,1,6,5.173279,0,0.6961267

26,4,4,11,2.653359,1,0.6064547

26,5,0,11,3.960089,0,0.6589471

26,6,0,8,2.506673,0,0.7480701

26,7,0,2,5.693195,1,0.4065652

27,0,2,2,2.186489,0,0.4297726

27,1,1,6,8.279902,3,0.7457027

27,2,0,9,2.68002,0,0.5520874

27,3,0,11,2.7335,0,0.755608

27,4,3,8,3.013343,0,0.3973765

27,5,0,6,3.773298,1,0.6441585

27,6,0,2,2.906631,0,0.5742542

27,7,4,11,3.559958,0,0.5816489

28,0,3,8,3.119826,0,0.6593933

28,1,2,2,3.359916,1,0.5065432

28,2,0,8,2.613439,0,0.6415927

28,3,0,2,5.43982,0,0.6266004

28,4,0,11,5.65309,0,0.585687

28,5,4,11,1.599874,0,0.6108455

28,6,1,6,2.319983,1,0.6858377

28,7,0,6,1.493278,0,0.5470546

29,0,0,9,4.013235,1,0.6168751

29,1,4,11,3.746636,0,0.5912843

29,2,2,2,3.986738,1,0.396466

29,3,0,5,3.839913,0,0.7253665

29,4,3,8,3.773327,0,0.5895349

29,5,1,6,2.853272,0,0.6957993

29,6,0,12,2.626755,0,0.4704518

29,7,0,2,3.226571,0,0.41324

30,0,3,8,1.973492,0,0.6778094

30,1,0,5,3.626601,0,0.4419061

30,2,2,2,3.773321,1,0.6014391

30,3,0,11,2.746466,0,0.7717788

30,4,0,8,3.040111,0,0.7144281

30,5,4,11,3.01322,0,0.6445956

30,6,0,2,2.666688,0,0.6744784

30,7,1,6,3.986545,2,0.5945927

31,0,0,11,1.480025,0,0.4296803

31,1,0,6,2.493105,1,0.7025002

31,2,4,11,2.159985,0,0.7274357

31,3,3,8,2.879938,0,0.6292839

31,4,0,3,1.813285,0,0.7021105

31,5,2,2,3.000164,0,0.3877185

31,6,0,8,2.759955,0,0.6608579

31,7,1,6,3.439886,0,0.7084818

32,0,0,3,3.653336,0,0.7179962

32,1,0,9,3.61325,0,0.4018215

32,2,0,11,1.493308,0,0.6790688

32,3,1,6,2.453217,2,0.686159

32,4,2,2,3.839976,0,0.4719804

32,5,0,5,1.946679,1,0.7275463

32,6,3,8,3.333265,0,0.6558083

32,7,4,11,2.079942,0,0.4291514

33,0,0,8,3.253293,0,0.7472592

33,1,0,2,2.599937,0,0.6533263

33,2,0,11,1.573321,0,0.4051428

33,3,3,8,3.133344,0,0.6361405

33,4,0,6,3.213054,0,0.5709933

33,5,1,6,1.293294,0,0.7204051

33,6,2,2,3.413268,0,0.3980483

33,7,4,11,1.626677,0,0.5578417

34,0,0,6,1.120014,0,0.7366068

34,1,2,2,4.599791,1,0.3940465

34,2,1,6,2.439974,1,0.6694286

34,3,0,3,6.959966,1,0.7225091

34,4,0,11,1.639808,0,0.7312673

34,5,3,8,3.413388,0,0.5788987

34,6,4,11,5.066587,1,0.6938441

34,7,0,8,4.039807,0,0.656041

35,0,2,2,3.199746,2,0.4846018

35,1,4,11,1.14674,0,0.7065588

35,2,0,12,2.386847,0,0.7476831

35,3,0,8,3.813409,0,0.567706

35,4,3,8,4.066522,0,0.5813162

35,5,0,6,4.079803,0,0.5840456

35,6,0,3,5.34648,1,0.6656017

35,7,1,6,2.253264,0,0.688538

36,0,0,3,3.493273,0,0.6481428

36,1,3,8,3.159894,0,0.6596879

36,2,2,2,2.839876,1,0.5535058

36,3,0,11,1.986609,0,0.6060938

36,4,0,9,5.146484,0,0.676157

36,5,0,5,3.666553,0,0.5604848

36,6,1,6,1.733318,0,0.5975822

36,7,4,11,2.066615,0,0.3863783

37,0,2,2,3.986739,0,0.4074809

37,1,1,6,1.906457,1,0.598206

37,2,3,8,2.933345,0,0.4182811

37,3,0,3,3.013268,1,0.4105963

37,4,4,11,2.306628,0,0.6573747

37,5,0,11,1.94658,0,0.5621647

37,6,0,5,1.453295,0,0.7541725

37,7,0,8,3.226748,0,0.5851595

38,0,1,6,2.800006,0,0.7105142

38,1,4,11,1.559864,0,0.6690073

38,2,0,6,2.720016,0,0.6668204

38,3,0,9,3.759692,0,0.6922579

38,4,0,11,3.106503,0,0.491755

38,5,3,8,3.146484,0,0.6434972

38,6,2,2,3.586637,0,0.4210734

38,7,0,2,1.520008,0,0.5146264

39,0,0,6,3.426483,0,0.430346

39,1,0,2,3.960027,0,0.5479614

39,2,4,11,2.426662,0,0.5542235

39,3,3,8,2.453235,0,0.4116155

39,4,1,6,2.733395,0,0.7064332

39,5,2,2,2.89349,0,0.610213

39,6,0,9,1.973356,0,0.4594519

39,7,0,11,1.413159,0,0.5546213

40,0,0,12,4.506474,0,0.682165

40,1,0,9,2.159985,0,0.6330273

40,2,0,6,6.719864,0,0.6163878

40,3,4,11,1.319774,0,0.6974326

40,4,1,6,1.173171,0,0.6737734

40,5,3,8,3.306496,0,0.5610685

40,6,2,2,1.560004,0,0.5661883

40,7,0,3,2.0934,1,0.620808

41,0,0,5,3.066627,0,0.6535286

41,1,4,11,3.413445,1,0.7694411

41,2,3,8,2.066458,0,0.6512662

41,3,0,2,1.133392,0,0.6593367

41,4,2,2,1.999921,0,0.5808603

41,5,0,11,1.519965,0,0.6244865

41,6,0,8,3.306626,0,0.6629062

41,7,1,6,3.133268,1,0.6580809

42,0,1,6,1.120002,0,0.620401

42,1,4,11,2.106631,0,0.7367476

42,2,3,8,2.666676,0,0.6324885

42,3,0,12,2.426804,0,0.7156864

42,4,0,2,5.399758,3,0.7441376

42,5,0,8,2.053149,0,0.5785411

42,6,2,2,1.999898,0,0.4171294

42,7,0,6,2.47993,0,0.6011862

43,0,1,6,2.506473,1,0.5703195

43,1,3,8,3.079976,0,0.6836973

43,2,0,2,1.173121,0,0.6436628

43,3,4,11,2.080111,0,0.6048376

43,4,2,2,2.493332,0,0.4969471

43,5,0,6,3.786575,3,0.7521985

43,6,0,11,1.493233,0,0.539882

43,7,0,9,3.439944,0,0.3998543

44,0,0,3,1.893169,1,0.6571495

44,1,0,5,1.199994,0,0.7086515

44,2,3,8,2.506463,0,0.5511298

44,3,4,11,2.719897,0,0.5790945

44,4,2,2,2.586452,0,0.6257374

44,5,1,6,2.653258,0,0.7057869

44,6,0,8,2.293126,0,0.7106039

44,7,0,11,2.453284,0,0.5742219

45,0,1,6,3.666595,0,19.95597

45,1,3,8,3.58663,0,19.94134

45,2,4,11,3.359901,0,19.94134

45,3,0,5,5.799885,0,19.9499

45,4,0,9,1.839844,0,19.95597

45,5,2,2,2.253226,0,19.94134

45,6,0,11,2.346717,0,0.5935847

45,7,0,2,4.839898,0,19.9499

46,0,1,6,1.57326,0,19.95597

46,1,3,8,1.266699,0,19.94134

46,2,4,11,1.120073,0,19.94134

46,3,0,5,2.57348,0,19.9499

46,4,0,9,1.999957,0,0.6643414

46,5,2,2,0.9867345,0,19.94134

46,6,0,11,2.386606,0,0.623584

46,7,0,2,1.573216,0,19.9499

47,0,1,6,1.413156,0,19.95597

47,1,3,8,1.559988,0,19.94134

47,2,4,11,1.080075,0,19.94134

47,3,0,5,1.933468,0,19.9499

47,4,0,9,1.919787,0,19.95597

47,5,2,2,3.25328,0,19.94134

47,6,0,11,1.000097,0,19.94134

47,7,0,2,0.7465764,0,19.9499

48,0,1,6,1.800012,0,19.95597

48,1,3,8,1.013499,0,19.94134

48,2,4,11,1.119822,0,0.7439215

48,3,0,5,1.853502,0,19.9499

48,4,0,9,1.213441,0,19.95597

48,5,2,2,1.773319,0,19.94134

48,6,0,11,1.026569,0,19.94134

48,7,0,2,0.8665065,0,19.9499

