1,0,3,1,3.252952,0,0.6746956

1,1,7,7,1.386716,0,0.6563384

1,2,0,2,3.320313,0,0.6167651

1,3,0,7,3.026475,0,0.600053

1,4,4,2,1.626585,0,0.5620218

1,5,0,4,6.333369,2,0.6613002

1,6,8,7,2.600028,0,0.4290301

1,7,0,3,10.53307,0,0.4407805

1,8,0,6,7.706409,0,0.5293127

1,9,6,3,4.973228,0,0.5986662

1,10,0,7,3.986203,0,0.7052616

1,11,1,4,4.959874,1,0.5817536

1,12,0,6,2.840013,0,0.7342858

1,13,5,6,7.333191,0,0.6109377

1,14,0,1,2.026478,0,0.6508553

1,15,2,6,1.559968,0,0.6710153

2,0,0,7,2.720345,0,0.6829004

2,1,8,7,3.613771,0,0.5935898

2,2,6,3,3.506943,0,0.720816

2,3,5,6,1.973301,0,0.6140041

2,4,2,6,1.426516,0,0.696306

2,5,0,4,4.266474,1,0.5813806

2,6,4,2,4.30664,0,0.4050526

2,7,7,7,3.226802,0,0.7155159

2,8,0,3,3.1864,0,0.3955941

2,9,0,1,2.133317,0,0.7127821

2,10,0,6,1.893321,0,0.519901

2,11,1,4,3.226519,0,0.575249

2,12,0,6,1.773754,0,0.7149677

2,13,3,1,2.613412,0,0.6204309

2,14,0,2,3.279936,0,0.7345123

2,15,0,7,11.33289,1,0.7187457

3,0,6,3,3.01389,0,0.7061005

3,1,5,6,4.652739,0,0.6519097

3,2,0,2,1.452887,0,0.49429

3,3,3,1,1.626573,1,0.582967

3,4,0,7,2.786952,0,0.4136394

3,5,4,2,5.479814,0,0.597739

3,6,0,6,1.666675,0,0.7387954

3,7,1,4,2.31986,0,0.5546342

3,8,0,7,14.01266,0,0.6511414

3,9,2,6,2.25319,0,0.7054856

3,10,0,1,1.066531,0,0.6191863

3,11,0,4,5.426685,0,0.6056883

3,12,8,7,2.586657,0,0.4341709

3,13,7,7,2.653299,0,0.3976421

3,14,0,6,1.986261,0,0.7495117

3,15,0,3,1.64002,0,0.6804641

4,0,8,7,4.519907,1,0.4027204

4,1,3,1,2.333203,0,0.4351536

4,2,0,7,1.266759,0,0.6762695

4,3,7,7,3.093148,0,0.6620415

4,4,5,6,5.372648,2,0.3988863

4,5,1,4,2.439773,0,0.480883

4,6,0,6,1.626682,0,0.4058881

4,7,0,4,4.37314,1,0.7481632

4,8,0,3,2.439581,0,0.4213937

4,9,0,1,5.426819,0,0.4331929

4,10,0,6,4.733138,0,0.6411966

4,11,2,6,4.292848,0,0.6956626

4,12,4,2,2.919743,0,0.5853584

4,13,0,7,3.893273,0,0.6237352

4,14,0,2,4.066665,0,0.6810625

4,15,6,3,3.47985,0,0.5507349

5,0,0,1,4.506952,0,0.392181

5,1,0,6,2.560158,0,0.3868753

5,2,7,7,4.63995,0,0.6080199

5,3,0,7,4.839775,1,0.5218719

5,4,0,2,5.106663,0,0.3917882

5,5,0,4,4.279402,0,0.6266543

5,6,8,7,3.613168,0,0.5901411

5,7,0,6,6.653482,0,0.3868101

5,8,4,2,4.493426,0,0.5151039

5,9,1,4,4.226677,0,0.5715521

5,10,3,1,0.7999328,0,0.6018963

5,11,5,6,5.626451,2,0.6716145

5,12,0,3,2.920449,0,0.6113849

5,13,2,6,2.893188,0,0.6684532

5,14,0,7,3.346715,0,0.3928365

5,15,6,3,2.373273,0,0.7026694

6,0,2,6,3.106914,0,0.7172781

6,1,4,2,1.693301,0,0.5668446

6,2,8,7,2.786692,0,0.6439155

6,3,0,2,2.280159,0,0.56953

6,4,0,6,3.760218,0,0.5646756

6,5,0,1,1.253155,0,0.6672522

6,6,5,6,1.973339,0,0.7232533

6,7,6,3,2.987023,0,0.692107

6,8,1,4,3.466562,0,0.6126072

6,9,3,1,2.812951,0,0.6066511

6,10,0,7,3.146823,0,0.7496977

6,11,0,7,3.626734,0,0.6023265

6,12,0,4,2.599895,0,0.7284572

6,13,7,7,4.452894,0,0.6498283

6,14,0,3,3.412697,0,0.706295

6,15,0,6,3.546525,0,0.4540199

7,0,5,6,1.90651,0,0.6038632

7,1,0,7,2.586885,0,0.4040956

7,2,7,7,7.266435,0,0.662416

7,3,6,3,2.81342,0,0.591377

7,4,0,6,1.987056,1,0.6629426

7,5,0,3,3.173324,0,0.7366893

7,6,0,7,4.666546,0,0.4121233

7,7,8,7,3.186669,0,0.6887314

7,8,0,6,1.133217,0,0.7048182

7,9,1,4,2.292954,0,0.5907698

7,10,4,2,2.092916,0,0.5894845

7,11,2,6,3.2266,0,0.6842219

7,12,0,1,1.360606,0,0.639746

7,13,3,1,2.212824,0,0.5872904

7,14,0,2,1.946618,0,0.7159043

7,15,0,4,1.91956,0,0.56599

8,0,0,1,2.000038,0,0.4500664

8,1,0,6,0.906643,0,0.7165402

8,2,1,4,2.679621,0,0.5126681

8,3,0,2,1.626329,0,0.6827106

8,4,0,3,2.213259,1,0.6635377

8,5,3,1,2.346632,0,0.4798729

8,6,2,6,1.319514,0,0.6041132

8,7,8,7,2.573099,0,0.7287486

8,8,6,3,2.733289,0,0.6648647

8,9,5,6,1.666621,0,0.6598795

8,10,0,4,3.17341,0,0.6595247

8,11,0,6,2.560089,1,0.7288074

8,12,4,2,1.906823,0,0.5725956

8,13,0,7,2.559561,0,0.680908

8,14,7,7,4.25366,0,0.603513

8,15,0,7,3.106406,0,0.560137

9,0,2,6,1.066768,0,0.6550542

9,1,5,6,0.8932961,0,0.6343899

9,2,1,4,1.199908,0,0.5928084

9,3,7,7,2.533301,0,0.7018446

9,4,0,6,5.359458,4,0.6858914

9,5,0,6,1.026489,0,0.5545862

9,6,0,7,1.679939,0,0.3863441

9,7,4,2,2.493622,0,0.426919

9,8,0,2,3.639477,0,0.5597512

9,9,0,7,2.826969,0,0.7353628

9,10,0,1,1.839936,0,0.4139495

9,11,8,7,1.826671,0,0.3883935

9,12,6,3,2.679944,0,0.7583804

9,13,3,1,1.800061,0,0.5667865

9,14,0,3,2.039837,0,0.7649324

9,15,0,4,3.080134,0,0.4849215

10,0,0,3,2.466619,0,0.6002398

10,1,0,7,2.840319,0,0.7207915

10,2,0,6,2.493243,1,0.6825821

10,3,2,6,1.266662,0,0.6428343

10,4,0,4,2.013514,0,0.7686601

10,5,7,7,2.933265,0,0.4697091

10,6,0,6,1.080095,0,0.4948885

10,7,3,1,1.812938,0,0.4290303

10,8,0,2,3.573265,0,0.6256909

10,9,1,4,2.799955,0,0.5497795

10,10,4,2,3.506973,0,0.5301678

10,11,5,6,1.160122,0,0.6059105

10,12,6,3,2.039692,0,0.7468073

10,13,0,1,1.613256,0,0.6858141

10,14,8,7,1.652944,0,0.5814279

10,15,0,7,2.679948,0,0.4557262

11,0,7,7,3.319772,0,0.5825071

11,1,0,4,6.080172,0,0.6525211

11,2,4,2,2.493258,1,0.548889

11,3,5,6,1.21319,0,0.630975

11,4,2,6,2.98673,0,0.6711223

11,5,0,3,1.879749,0,0.3975788

11,6,3,1,3.466578,0,0.5851923

11,7,0,7,3.319935,0,0.4133755

11,8,8,7,3.572874,1,0.4769569

11,9,0,6,6.24031,0,0.6647669

11,10,1,4,3.399912,1,0.4412761

11,11,0,6,2.960046,0,0.5530151

11,12,0,7,3.173076,0,0.6940196

11,13,0,1,1.919601,0,0.6769192

11,14,0,2,2.093676,0,0.6914716

11,15,6,3,2.079942,0,0.7361447

12,0,6,3,2.013211,0,0.6521647

12,1,0,7,2.759959,0,0.3862517

12,2,0,2,3.546465,0,0.5999342

12,3,5,6,1.213804,0,0.6077984

12,4,0,7,4.639817,0,0.5188249

12,5,0,6,3.479603,0,0.7347523

12,6,0,4,3.773135,1,0.403924

12,7,0,1,1.746657,0,0.6945806

12,8,1,4,2.279842,0,0.5760419

12,9,7,7,4.573606,0,0.4230295

12,10,0,6,2.613439,2,0.7067397

12,11,8,7,2.893117,0,0.4297273

12,12,0,3,3.506173,0,0.6124799

12,13,3,1,1.426433,0,0.7054079

12,14,4,2,1.333124,0,0.6040902

12,15,2,6,2.079912,0,0.6895038

13,0,2,6,1.293776,0,0.6095912

13,1,1,4,2.49381,0,0.5942147

13,2,0,7,1.0266,0,0.739521

13,3,0,6,1.187041,0,0.7449648

13,4,0,4,2.586215,0,0.5985308

13,5,4,2,1.626956,0,0.423738

13,6,0,6,0.9737279,0,0.678727

13,7,0,7,0.8803664,0,0.5494816

13,8,0,1,2.092991,0,0.6973997

13,9,7,7,1.666594,0,0.6443464

13,10,3,1,1.599983,0,0.6413523

13,11,5,6,2.266651,0,0.7381915

13,12,0,2,1.413243,0,0.5869124

13,13,0,3,2.680129,0,0.6251363

13,14,6,3,1.959578,0,0.6864045

13,15,8,7,1.999963,0,0.4653262

14,0,3,1,1.666664,0,0.6716261

14,1,0,2,2.666592,1,0.5172696

14,2,6,3,2.173339,0,0.721828

14,3,8,7,2.893401,0,0.6817793

14,4,0,7,4.159874,0,0.5739634

14,5,7,7,3.46658,0,0.5863958

14,6,0,7,3.839888,0,0.5694931

14,7,0,3,2.4532,0,0.399499

14,8,2,6,1.13351,0,0.597323

14,9,1,4,2.653049,0,0.3968374

14,10,4,2,1.306323,0,0.6187939

14,11,5,6,1.200249,0,0.6562811

14,12,0,6,5.613136,0,0.6491064

14,13,0,1,1.839973,0,0.4074845

14,14,0,4,2.693378,0,0.4128203

14,15,0,6,0.9871376,0,0.7615948

15,0,0,4,2.812738,0,0.6161861

15,1,3,1,1.506649,0,0.5809669

15,2,4,2,1.600062,0,0.5532194

15,3,6,3,2.466612,0,0.7011962

15,4,1,4,1.386525,0,0.5197154

15,5,0,1,1.559993,0,0.6572239

15,6,8,7,3.000003,0,0.6646027

15,7,0,6,1.120161,0,0.4909993

15,8,0,2,1.426283,0,0.4579045

15,9,7,7,2.852827,0,0.4069895

15,10,0,6,1.559399,0,0.5795569

15,11,0,3,2.426458,0,0.6677301

15,12,5,6,2.133246,1,0.5869394

15,13,0,7,4.386284,0,0.7245089

15,14,2,6,1.1472,0,0.5322139

15,15,0,7,6.466663,0,0.5491211

16,0,5,6,1.239844,0,0.5851593

16,1,0,3,2.640307,0,0.4724329

16,2,8,7,2.71975,0,0.6460406

16,3,0,2,8.466388,1,0.6891362

16,4,0,7,3.079599,0,0.5514857

16,5,0,4,2.706834,0,0.595624

16,6,4,2,1.826554,0,0.4054357

16,7,3,1,3.186574,0,0.6898478

16,8,6,3,2.693031,0,0.6886131

16,9,0,6,2.17365,1,0.6243622

16,10,0,1,1.853052,0,0.6296744

16,11,0,6,1.066797,0,0.7572061

16,12,1,4,1.906294,0,0.6819921

16,13,0,7,2.586541,0,0.3938943

16,14,2,6,1.080173,0,0.6256799

16,15,7,7,3.546609,0,0.6522955

17,0,4,2,1.319889,0,0.4562428

17,1,0,7,0.8935459,0,0.4809401

17,2,7,7,2.706272,0,0.6460439

17,3,6,3,2.306464,0,0.7330281

17,4,8,7,2.359913,0,0.6386144

17,5,0,6,0.8795351,0,0.5902637

17,6,5,6,1.160009,0,0.6407817

17,7,0,2,1.120585,0,0.7077721

17,8,0,3,3.146254,0,0.615232

17,9,0,7,2.50665,0,0.5722958

17,10,1,4,3.053268,0,0.3938048

17,11,2,6,1.360381,0,0.6512507

17,12,0,1,1.120418,0,0.7492169

17,13,0,6,2.013298,0,0.452995

17,14,3,1,2.879948,0,0.6026097

17,15,0,4,4.306931,0,0.5788354

18,0,0,1,1.453561,0,0.6677046

18,1,0,3,4.639955,1,0.5932726

18,2,3,1,1.800083,0,0.5653958

18,3,8,7,3.533366,1,0.5566226

18,4,2,6,1.013317,0,0.6224749

18,5,1,4,2.706598,0,0.3948181

18,6,0,2,1.973293,0,0.5589956

18,7,0,6,1.093535,0,0.632203

18,8,0,7,1.586623,0,0.4003343

18,9,7,7,4.305972,0,0.6713793

18,10,0,6,2.666591,0,0.6476128

18,11,0,7,1.06655,0,0.7639774

18,12,4,2,1.733402,0,0.3862502

18,13,6,3,2.239549,0,0.7212196

18,14,0,4,3.51975,0,0.6339504

18,15,5,6,1.706611,0,0.6214347

19,0,0,7,2.960209,0,0.602243

19,1,0,6,0.9463505,0,0.6117512

19,2,0,7,1.53349,0,0.6178112

19,3,0,3,0.8400179,0,0.6487228

19,4,0,1,1.853799,0,0.7689422

19,5,0,4,2.546767,0,0.4986919

19,6,7,7,0.7196561,0,0.6500025

19,7,2,6,3.613277,0,0.5510479

19,8,0,2,1.586896,0,0.5091541

19,9,6,3,1.653464,0,0.7044739

19,10,0,6,5.679926,0,0.5980025

19,11,4,2,3.240289,0,0.423718

19,12,1,4,2.679935,0,0.5432511

19,13,3,1,1.479972,0,0.5927364

19,14,5,6,1.186302,0,0.5580235

19,15,8,7,1.226705,0,0.6416733

20,0,0,6,1.853121,0,0.6099033

20,1,0,1,2.893269,0,0.6932503

20,2,0,3,2.266493,0,0.767109

20,3,0,6,1.280012,0,0.739139

20,4,2,6,2.89333,0,0.6624007

20,5,0,7,0.9998842,0,0.7286035

20,6,0,7,0.8937293,0,0.6352185

20,7,8,7,2.493028,0,0.7034841

20,8,6,3,1.999885,0,0.6110473

20,9,7,7,2.9733,0,0.6256021

20,10,1,4,2.252937,0,0.3900163

20,11,0,2,1.413196,0,0.742429

20,12,0,4,4.773516,1,0.5475803

20,13,4,2,1.73318,0,0.4446207

20,14,3,1,4.053484,0,0.6655461

20,15,5,6,1.253354,0,0.4612728

21,0,0,6,1.426226,0,0.552072

21,1,8,7,3.533142,2,0.6980813

21,2,0,7,2.720309,0,0.549084

21,3,6,3,1.986586,0,0.702818

21,4,2,6,0.8535335,0,0.3872035

21,5,0,3,2.946316,0,0.5455005

21,6,0,1,1.360042,0,0.5560805

21,7,0,4,2.920353,0,0.4049731

21,8,0,2,3.173231,0,0.5788834

21,9,5,6,1.186684,0,0.6297576

21,10,0,7,1.413325,0,0.6803585

21,11,0,6,1.26649,0,0.6492597

21,12,3,1,0.7201667,0,0.6220107

21,13,4,2,1.866662,0,0.4990141

21,14,1,4,1.706521,0,0.3920653

21,15,7,7,3.613612,0,0.4299131

22,0,6,3,3.693285,1,0.679828

22,1,1,4,2.493327,0,0.56712

22,2,0,3,2.680468,0,0.6081679

22,3,5,6,4.239811,0,0.6147265

22,4,0,6,2.15977,0,0.6132387

22,5,0,6,1.266628,0,0.7095211

22,6,3,1,0.6798353,0,0.6182521

22,7,8,7,2.02691,0,0.4117393

22,8,2,6,1.172888,0,0.7018455

22,9,0,7,5.613292,0,0.6031647

22,10,0,7,2.61326,0,0.6730724

22,11,7,7,2.746905,0,0.6280168

22,12,4,2,1.839578,0,0.5643312

22,13,0,1,3.533284,0,0.4557514

22,14,0,2,2.213272,1,0.3866355

22,15,0,4,3.066572,0,0.3880604

23,0,0,1,47.70489,0,19.9088

23,1,8,7,9.6264,0,19.95597

23,2,0,7,4.666585,0,0.6778455

23,3,0,3,2.613537,0,19.95597

23,4,4,2,4.599865,0,0.5689353

23,5,3,1,5.213429,0,0.7353678

23,6,1,4,12.29273,0,19.95597

23,7,7,7,8.38624,0,0.6771654

23,8,0,4,4.146225,0,19.95597

23,9,0,2,9.959707,0,0.5954086

23,10,6,3,9.106004,0,19.95597

23,11,0,7,14.71948,0,19.90995

23,12,2,6,2.933294,0,19.9499

23,13,5,6,10.05291,0,19.94134

23,14,0,6,7.519914,0,0.4855798

23,15,0,6,3.693208,0,19.9499

24,0,0,1,7.799689,0,19.9088

24,1,8,7,12.21291,0,0.6422707

24,2,0,7,3.786779,0,19.95597

24,3,0,3,5.120217,0,19.95597

24,4,4,2,1.67997,0,19.9499

24,5,3,1,5.759634,0,0.6461391

24,6,1,4,4.653176,0,0.3873599

24,7,7,7,4.826359,0,0.5649616

24,8,0,4,4.546177,0,19.95597

24,9,0,2,2.772962,0,19.9499

24,10,6,3,6.839865,0,19.95597

24,11,0,7,8.413095,0,0.6692665

24,12,2,6,1.37378,0,19.9499

24,13,5,6,7.439817,0,0.5813622

24,14,0,6,6.733118,0,19.94134

24,15,0,6,6.933265,0,19.9499

